# covent_pc_2
# Captured 2020-06-18 14:17:34.650515 by unknown user
# Built at revision 65ecf17 (dirty)
time(sec)  pc_setpoint  pressure  volume
0.000  10.000  9.794  -135.793
0.010  10.000  10.037  -138.875
0.020  10.000  9.945  -141.951
0.030  10.000  9.847  -145.168
0.040  10.000  9.726  -148.316
0.050  10.000  9.873  -151.355
0.060  10.000  9.864  -154.111
0.070  10.000  9.888  -156.823
0.080  10.000  9.822  -159.507
0.090  10.000  10.002  -162.169
0.100  10.000  9.875  -164.926
0.110  10.000  9.765  -167.767
0.120  10.000  10.040  -170.515
0.130  10.000  9.883  -173.096
0.140  10.000  9.903  -175.634
0.150  10.000  9.623  -178.240
0.160  10.000  9.754  -181.145
0.170  10.000  9.689  -183.982
0.180  10.000  9.658  -186.641
0.190  10.000  9.663  -189.234
0.200  10.000  9.596  -191.848
0.210  10.000  9.511  -194.491
0.220  10.000  9.621  -196.892
0.230  10.000  9.729  -199.192
0.240  10.000  9.723  -201.481
0.250  10.000  9.785  -203.564
0.260  10.000  9.891  -205.509
0.270  10.000  9.842  -207.332
0.280  10.000  9.843  -209.036
0.290  10.000  9.939  -210.872
0.300  10.000  9.945  -212.853
0.310  10.000  10.008  -214.887
0.320  10.000  9.974  -216.978
0.330  10.000  9.846  -218.886
0.340  10.000  10.009  -220.622
0.350  10.000  9.884  -222.436
0.360  10.000  10.009  -224.121
0.370  10.000  10.021  -225.467
0.380  10.000  10.043  -227.035
0.390  10.000  9.843  -228.858
0.400  10.000  9.847  -230.387
0.410  10.000  9.915  -231.548
0.420  10.000  10.036  -232.496
0.430  10.000  9.983  -233.551
0.440  10.000  9.940  -234.685
0.450  10.000  9.946  -235.892
0.460  10.000  9.886  -237.191
0.470  10.000  9.978  -238.332
0.480  10.000  9.990  -239.600
0.490  10.000  9.953  -241.037
0.500  10.000  9.938  -242.364
0.510  10.000  9.912  -243.561
0.520  10.000  9.877  -244.676
0.530  10.000  10.027  -245.703
0.540  10.000  10.078  -246.525
0.550  10.000  9.924  -247.170
0.560  10.000  9.951  -247.843
0.570  10.000  10.044  -248.665
0.580  10.000  9.977  -249.546
0.590  10.000  9.832  -250.482
0.600  10.000  9.930  -251.370
0.610  10.000  9.998  -252.065
0.620  10.000  9.974  -252.648
0.630  10.000  9.911  -253.178
0.640  10.000  9.855  -253.733
0.650  10.000  9.992  -254.185
0.660  10.000  10.059  -254.521
0.670  10.000  9.961  -255.073
0.680  10.000  9.902  -255.725
0.690  10.000  9.831  -256.217
0.700  10.000  9.928  -256.770
0.710  10.000  9.840  -257.420
0.720  10.000  10.032  -257.956
0.730  10.000  9.887  -258.245
0.740  10.000  9.941  -258.394
0.750  10.000  9.864  -258.557
0.760  10.000  9.993  -258.699
0.770  10.000  10.045  -258.894
0.780  10.000  9.928  -259.014
0.790  10.000  9.880  -259.058
0.800  10.000  9.874  -259.196
0.810  10.000  9.842  -259.424
0.820  10.000  9.855  -259.665
0.830  10.000  9.845  -259.914
0.840  10.000  9.884  -260.162
0.850  10.000  9.812  -260.320
0.860  10.000  9.746  -260.484
0.870  10.000  9.677  -260.642
0.880  10.000  9.661  -260.619
0.890  10.000  9.812  -260.511
0.900  10.000  9.908  -260.600
0.910  10.000  9.804  -260.725
0.920  10.000  9.929  -260.749
0.930  10.000  9.880  -260.679
0.940  10.000  9.914  -260.319
0.950  10.000  9.866  -259.918
0.960  10.000  9.982  -259.671
0.970  10.000  10.077  -259.342
0.980  10.000  9.881  -258.804
0.990  10.000  9.999  -258.204
1.000  10.000  9.885  -257.623
1.010  10.000  9.831  -256.981
1.020  10.000  9.926  -256.440
1.030  10.000  9.985  -255.979
1.040  10.000  10.084  -255.479
1.050  10.000  9.993  -255.058
1.060  10.000  9.878  -254.533
1.070  10.000  9.824  -253.931
1.080  10.000  9.957  -253.391
1.090  10.000  9.773  -252.760
1.100  10.000  10.059  -251.937
1.110  10.000  9.949  -250.920
1.120  10.000  10.105  -249.935
1.130  10.000  9.985  -249.045
1.140  10.000  10.026  -248.000
1.150  10.000  9.739  -246.794
1.160  10.000  10.031  -245.546
1.170  10.000  9.969  -244.309
1.180  10.000  10.147  -243.110
1.190  10.000  10.056  -241.898
1.200  10.000  9.953  -240.794
1.210  10.000  10.000  -239.881
1.220  10.000  10.044  -239.007
1.230  10.000  10.273  -238.195
1.240  10.000  10.076  -237.439
1.250  10.000  10.116  -236.586
1.260  10.000  10.003  -235.814
1.270  10.000  10.005  -235.113
1.280  10.000  9.986  -234.406
1.290  10.000  10.018  -233.849
1.300  10.000  10.184  -233.356
1.310  10.000  9.923  -232.765
1.320  10.000  10.074  -232.138
1.330  10.000  10.057  -231.749
1.340  10.000  9.997  -231.493
1.350  10.000  10.033  -231.028
1.360  10.000  10.069  -230.466
1.370  10.000  9.852  -230.061
1.380  10.000  10.033  -229.646
1.390  10.000  10.142  -229.199
1.400  10.000  9.997  -228.785
1.410  10.000  9.882  -228.275
1.420  10.000  9.930  -227.758
1.430  10.000  9.919  -227.422
1.440  10.000  9.855  -227.123
1.450  10.000  9.857  -226.687
1.460  10.000  9.739  -225.993
1.470  10.000  9.978  -225.030
1.480  10.000  9.976  -224.157
1.490  10.000  10.170  -223.346
1.500  10.000  9.804  -222.376
1.510  10.000  9.819  -221.328
1.520  10.000  9.939  -220.154
1.530  10.000  9.915  -218.633
1.540  10.000  9.942  -217.062
1.550  10.000  10.093  -215.692
1.560  10.000  10.017  -214.410
1.570  10.000  9.983  -213.231
1.580  10.000  10.160  -212.166
1.590  10.000  10.001  -211.017
1.600  10.000  9.970  -209.795
1.610  10.000  10.115  -208.712
1.620  10.000  10.018  -207.482
1.630  10.000  10.143  -206.140
1.640  10.000  9.945  -204.890
1.650  10.000  10.057  -203.712
1.660  10.000  10.046  -202.595
1.670  10.000  9.982  -201.535
1.680  10.000  10.020  -200.428
1.690  10.000  9.969  -199.309
1.700  10.000  10.058  -198.424
1.710  10.000  10.110  -197.664
1.720  10.000  9.985  -196.878
1.730  10.000  10.105  -195.984
1.740  10.000  10.041  -195.045
1.750  10.000  9.898  -194.008
1.760  10.000  10.099  -192.839
1.770  10.000  9.941  -191.794
1.780  10.000  10.167  -190.994
1.790  10.000  9.967  -190.359
1.800  10.000  10.084  -189.770
1.810  10.000  10.006  -189.084
1.820  10.000  9.918  -188.397
1.830  10.000  10.096  -187.744
1.840  10.000  9.777  -187.073
1.850  10.000  10.068  -186.453
1.860  10.000  10.004  -185.762
1.870  10.000  10.130  -184.914
1.880  10.000  10.159  -184.120
1.890  10.000  9.984  -183.517
1.900  10.000  10.028  -183.029
1.910  10.000  9.864  -182.576
1.920  10.000  10.107  -182.190
1.930  10.000  9.904  -181.845
1.940  10.000  9.930  -181.486
1.950  10.000  9.983  -181.113
1.960  10.000  9.892  -180.632
1.970  10.000  9.962  -179.883
1.980  10.000  9.951  -178.837
1.990  10.000  9.960  -177.682
2.000  10.000  10.013  -176.607
2.010  10.000  9.932  -175.623
2.020  10.000  10.080  -174.695
2.030  10.000  9.970  -173.899
2.040  10.000  9.986  -173.300
2.050  10.000  9.901  -172.716
2.060  10.000  10.032  -171.943
2.070  10.000  9.903  -171.064
2.080  10.000  10.063  -170.207
2.090  10.000  10.061  -169.365
2.100  10.000  9.998  -168.549
2.110  10.000  10.015  -167.723
2.120  10.000  9.775  -166.554
2.130  10.000  10.020  -165.121
2.140  10.000  9.864  -163.811
2.150  10.000  9.931  -162.684
2.160  10.000  9.989  -161.611
2.170  10.000  10.070  -160.557
2.180  10.000  10.195  -159.578
2.190  10.000  9.862  -158.588
2.200  10.000  10.054  -157.491
2.210  10.000  10.129  -156.404
2.220  10.000  10.012  -155.366
2.230  10.000  9.935  -154.277
2.240  10.000  10.183  -153.272
2.250  10.000  9.960  -152.375
2.260  10.000  10.069  -151.518
2.270  10.000  9.950  -150.738
2.280  10.000  10.004  -149.977
2.290  10.000  9.991  -149.322
2.300  10.000  9.909  -148.556
2.310  10.000  10.114  -147.493
2.320  10.000  10.045  -146.372
2.330  10.000  9.998  -145.305
2.340  10.000  9.876  -144.259
2.350  10.000  9.947  -143.345
2.360  10.000  9.957  -142.562
2.370  10.000  9.992  -141.608
2.380  10.000  9.990  -140.521
2.390  10.000  10.056  -139.478
2.400  10.000  10.112  -138.578
2.410  10.000  10.010  -137.714
2.420  10.000  10.205  -136.800
2.430  10.000  9.952  -135.878
2.440  10.000  10.033  -134.917
2.450  10.000  10.034  -133.996
2.460  10.000  10.081  -133.216
2.470  10.000  9.896  -132.516
2.480  10.000  9.899  -131.815
2.490  10.000  9.918  -131.182
2.500  10.000  9.947  -130.415
2.510  10.000  9.979  -129.495
2.520  10.000  10.041  -128.575
2.530  10.000  9.963  -127.640
2.540  10.000  10.071  -126.792
2.550  10.000  10.284  -126.063
2.560  10.000  9.784  -125.202
2.570  10.000  10.173  -124.242
2.580  10.000  9.883  -123.436
2.590  10.000  10.229  -122.776
2.600  10.000  9.993  -122.351
2.610  10.000  9.901  -121.750
2.620  10.000  9.764  -120.741
2.630  10.000  10.006  -119.860
2.640  10.000  10.043  -119.171
2.650  10.000  10.068  -118.409
2.660  10.000  9.920  -117.643
2.670  10.000  9.948  -117.010
2.680  10.000  9.969  -116.344
2.690  10.000  10.044  -115.538
2.700  10.000  9.989  -114.819
2.710  10.000  10.099  -114.086
2.720  10.000  9.899  -113.334
2.730  10.000  10.061  -112.632
2.740  10.000  9.841  -111.811
2.750  10.000  10.098  -111.011
2.760  10.000  9.874  -110.341
2.770  10.000  10.008  -109.520
2.780  10.000  10.021  -108.363
2.790  10.000  9.870  -106.989
2.800  10.000  10.058  -105.811
2.810  10.000  10.017  -104.905
2.820  10.000  10.032  -103.980
2.830  10.000  9.877  -103.089
2.840  10.000  9.970  -102.216
2.850  10.000  10.019  -101.260
2.860  10.000  10.038  -100.383
2.870  10.000  9.845  -99.606
2.880  10.000  10.279  -98.720
2.890  10.000  10.002  -97.803
2.900  10.000  10.041  -96.889
2.910  10.000  9.850  -95.950
2.920  10.000  10.047  -95.103
2.930  10.000  9.978  -94.388
2.940  10.000  9.924  -93.598
2.950  10.000  9.916  -92.538
2.960  10.000  9.945  -91.254
2.970  10.000  9.956  -90.009
2.980  10.000  10.127  -88.990
2.990  10.000  10.116  -88.011
3.000  10.000  9.924  -86.846
3.010  10.000  10.153  -85.818
3.020  10.000  10.137  -85.041
3.030  10.000  10.120  -84.255
3.040  10.000  10.187  -83.558
3.050  10.000  9.970  -83.038
3.060  10.000  10.141  -82.550
3.070  10.000  10.056  -82.139
3.080  10.000  9.976  -81.780
3.090  10.000  9.967  -81.327
3.100  10.000  9.745  -80.781
3.110  10.000  9.999  -80.041
3.120  10.000  10.082  -79.140
3.130  10.000  9.908  -78.210
3.140  10.000  10.052  -77.420
3.150  10.000  9.742  -76.743
3.160  10.000  9.975  -75.974
3.170  10.000  10.050  -75.104
3.180  10.000  10.033  -74.201
3.190  10.000  9.988  -73.379
3.200  10.000  9.892  -72.681
3.210  10.000  10.045  -71.852
3.220  10.000  9.895  -70.855
3.230  10.000  10.035  -69.801
3.240  10.000  9.868  -68.660
3.250  10.000  9.817  -67.553
3.260  10.000  10.053  -66.496
3.270  10.000  9.939  -65.277
3.280  10.000  10.104  -64.022
3.290  10.000  9.930  -62.833
3.300  10.000  10.154  -61.732
3.310  10.000  9.936  -60.858
3.320  10.000  10.172  -60.060
3.330  10.000  9.980  -59.191
3.340  11.500  10.007  -58.734
3.350  13.000  10.366  -58.446
3.360  14.500  10.851  -57.444
3.370  16.000  11.949  -55.217
3.380  17.500  13.976  -51.193
3.390  19.000  16.825  -45.771
3.400  20.500  19.585  -39.155
3.410  22.000  22.137  -31.521
3.420  23.500  23.238  -23.490
3.430  25.000  24.154  -15.220
3.440  25.000  24.313  -6.320
3.450  25.000  25.190  2.990
3.460  25.000  24.957  12.140
3.470  25.000  25.569  21.038
3.480  25.000  25.655  29.746
3.490  25.000  26.330  38.019
3.500  25.000  26.242  45.394
3.510  25.000  24.598  52.983
3.520  25.000  24.332  60.537
3.530  25.000  24.655  68.311
3.540  25.000  24.129  76.239
3.550  25.000  25.051  83.627
3.560  25.000  25.710  91.197
3.570  25.000  25.526  99.226
3.580  25.000  25.311  107.477
3.590  25.000  23.984  115.536
3.600  25.000  24.721  122.782
3.610  25.000  25.396  129.601
3.620  25.000  25.747  137.012
3.630  25.000  24.800  144.334
3.640  25.000  24.035  151.607
3.650  25.000  24.472  159.070
3.660  25.000  25.651  166.584
3.670  25.000  26.329  174.095
3.680  25.000  25.558  181.709
3.690  25.000  24.265  189.060
3.700  25.000  24.451  195.928
3.710  25.000  25.149  202.573
3.720  25.000  25.468  209.267
3.730  25.000  25.474  215.844
3.740  25.000  24.198  222.257
3.750  25.000  24.554  228.734
3.760  25.000  25.782  235.358
3.770  25.000  25.728  242.322
3.780  25.000  24.929  249.062
3.790  25.000  24.139  255.606
3.800  25.000  25.409  261.873
3.810  25.000  25.278  267.910
3.820  25.000  24.709  274.038
3.830  25.000  24.810  280.290
3.840  25.000  25.018  286.792
3.850  25.000  25.611  293.145
3.860  25.000  25.485  299.268
3.870  25.000  24.594  305.255
3.880  25.000  24.779  310.910
3.890  25.000  25.121  316.561
3.900  25.000  25.677  322.034
3.910  25.000  24.866  327.668
3.920  25.000  24.921  333.555
3.930  25.000  25.232  339.219
3.940  25.000  25.603  344.829
3.950  25.000  24.845  350.349
3.960  25.000  24.559  355.941
3.970  25.000  24.816  361.616
3.980  25.000  25.524  367.183
3.990  25.000  25.324  372.685
4.000  25.000  25.008  378.072
4.010  25.000  24.980  383.077
4.020  25.000  25.284  388.068
4.030  25.000  25.001  393.177
4.040  25.000  24.988  398.330
4.050  25.000  25.136  403.359
4.060  25.000  25.057  408.292
4.070  25.000  25.156  413.413
4.080  25.000  25.721  418.106
4.090  25.000  25.600  422.485
4.100  25.000  24.777  426.998
4.110  25.000  24.620  431.187
4.120  25.000  24.737  435.434
4.130  25.000  25.038  440.246
4.140  25.000  25.293  445.029
4.150  25.000  25.238  449.654
4.160  25.000  24.805  454.207
4.170  25.000  24.605  458.617
4.180  25.000  25.618  463.034
4.190  25.000  25.847  467.311
4.200  25.000  25.023  471.427
4.210  25.000  24.814  475.621
4.220  25.000  25.010  479.685
4.230  25.000  25.411  483.686
4.240  25.000  25.273  487.958
4.250  25.000  24.837  492.134
4.260  25.000  25.062  496.143
4.270  25.000  24.906  500.288
4.280  25.000  25.146  504.449
4.290  25.000  25.228  508.574
4.300  25.000  25.267  512.660
4.310  25.000  24.989  516.555
4.320  25.000  24.950  520.402
4.330  25.000  25.002  524.230
4.340  10.000  24.844  528.095
4.350  10.000  24.212  531.417
4.360  10.000  21.785  532.999
4.370  10.000  19.325  532.174
4.380  10.000  15.266  526.948
4.390  10.000  11.860  519.627
4.400  10.000  11.108  513.336
4.410  10.000  11.279  506.882
4.420  10.000  11.031  500.033
4.430  10.000  10.844  493.445
4.440  10.000  10.513  487.375
4.450  10.000  10.480  480.500
4.460  10.000  9.953  473.203
4.470  10.000  9.891  466.937
4.480  10.000  9.910  460.937
4.490  10.000  10.026  453.950
4.500  10.000  9.499  446.460
4.510  10.000  9.427  439.968
4.520  10.000  9.542  434.515
4.530  10.000  10.103  428.937
4.540  10.000  9.999  422.516
4.550  10.000  9.778  416.235
4.560  10.000  9.681  409.953
4.570  10.000  9.787  403.849
4.580  10.000  9.759  398.579
4.590  10.000  9.588  393.015
4.600  10.000  9.353  386.737
4.610  10.000  9.316  380.711
4.620  10.000  9.723  375.559
4.630  10.000  9.557  370.392
4.640  10.000  9.775  365.129
4.650  10.000  9.850  359.906
4.660  10.000  9.723  354.018
4.670  10.000  9.496  347.699
4.680  10.000  9.710  341.496
4.690  10.000  9.643  335.732
4.700  10.000  9.627  330.414
4.710  10.000  9.530  325.479
4.720  10.000  9.573  320.788
4.730  10.000  9.546  314.977
4.740  10.000  9.468  308.678
4.750  10.000  9.482  303.394
4.760  10.000  9.609  298.392
4.770  10.000  9.879  293.586
4.780  10.000  9.807  289.086
4.790  10.000  9.780  283.405
4.800  10.000  9.760  277.772
4.810  10.000  9.849  272.405
4.820  10.000  10.051  267.157
4.830  10.000  9.975  262.336
4.840  10.000  9.773  257.211
4.850  10.000  9.884  252.252
4.860  10.000  9.838  247.308
4.870  10.000  9.736  242.522
4.880  10.000  9.853  237.968
4.890  10.000  9.671  233.250
4.900  10.000  9.662  228.174
4.910  10.000  9.646  222.678
4.920  10.000  9.715  217.646
4.930  10.000  9.527  213.125
4.940  10.000  9.488  208.587
4.950  10.000  9.433  204.055
4.960  10.000  9.595  198.793
4.970  10.000  9.569  193.565
4.980  10.000  9.631  188.918
4.990  10.000  9.748  184.562
5.000  10.000  9.891  180.279
5.010  10.000  9.961  175.914
5.020  10.000  9.883  171.705
5.030  10.000  9.913  167.692
5.040  10.000  9.805  163.753
5.050  10.000  9.747  160.045
5.060  10.000  9.871  156.231
5.070  10.000  9.893  152.175
5.080  10.000  9.964  148.414
5.090  10.000  9.955  144.776
5.100  10.000  9.823  141.266
5.110  10.000  9.885  137.926
5.120  10.000  9.791  134.378
5.130  10.000  9.896  130.908
5.140  10.000  9.854  127.741
5.150  10.000  9.807  124.424
5.160  10.000  9.736  121.091
5.170  10.000  9.675  117.806
5.180  10.000  9.759  114.488
5.190  10.000  9.696  111.292
5.200  10.000  9.776  108.044
5.210  10.000  9.583  104.566
5.220  10.000  9.621  101.354
5.230  10.000  9.486  98.466
5.240  10.000  9.625  95.586
5.250  10.000  9.682  92.688
5.260  10.000  9.686  89.829
5.270  10.000  9.961  87.178
5.280  10.000  9.791  84.811
5.290  10.000  9.900  82.434
5.300  10.000  9.961  79.827
5.310  10.000  9.833  77.147
5.320  10.000  9.927  74.471
5.330  10.000  10.003  71.920
5.340  10.000  10.110  69.343
5.350  10.000  9.877  66.804
5.360  10.000  9.869  64.448
5.370  10.000  9.834  62.202
5.380  10.000  10.077  60.059
5.390  10.000  10.012  57.892
5.400  10.000  9.901  55.616
5.410  10.000  9.968  53.211
5.420  10.000  9.832  50.774
5.430  10.000  9.899  48.452
5.440  10.000  10.128  46.299
5.450  10.000  10.033  44.191
5.460  10.000  9.834  42.054
5.470  10.000  10.026  39.900
5.480  10.000  9.899  37.772
5.490  10.000  9.882  35.752
5.500  10.000  9.921  33.788
5.510  10.000  9.955  31.800
5.520  10.000  10.006  29.945
5.530  10.000  9.871  28.288
5.540  10.000  9.887  26.574
5.550  10.000  9.979  24.929
5.560  10.000  10.084  23.368
5.570  10.000  9.981  21.632
5.580  10.000  9.976  19.820
5.590  10.000  9.877  18.080
5.600  10.000  9.872  16.478
5.610  10.000  10.028  15.114
5.620  10.000  10.051  13.934
5.630  10.000  9.823  12.633
5.640  10.000  9.918  11.195
5.650  10.000  9.962  9.827
5.660  10.000  9.892  8.584
5.670  10.000  9.903  7.307
5.680  10.000  9.939  5.941
5.690  10.000  9.976  4.769
5.700  10.000  9.996  3.667
5.710  10.000  10.052  2.265
5.720  10.000  9.893  0.786
5.730  10.000  9.918  -0.488
5.740  10.000  9.894  -1.636
5.750  10.000  9.863  -2.662
5.760  10.000  9.870  -3.602
5.770  10.000  9.914  -4.738
5.780  10.000  9.907  -5.935
5.790  10.000  9.806  -6.966
5.800  10.000  9.788  -8.055
5.810  10.000  9.848  -9.180
5.820  10.000  9.775  -10.130
5.830  10.000  9.767  -11.012
5.840  10.000  9.960  -12.057
5.850  10.000  9.722  -13.061
5.860  10.000  9.768  -13.892
5.870  10.000  9.865  -14.811
5.880  10.000  9.736  -15.673
5.890  10.000  9.757  -16.360
5.900  10.000  9.746  -17.063
5.910  10.000  9.895  -17.812
5.920  10.000  9.937  -18.452
5.930  10.000  9.914  -19.010
5.940  10.000  9.832  -19.595
5.950  10.000  10.087  -20.137
5.960  10.000  9.734  -20.488
5.970  10.000  10.099  -20.600
5.980  10.000  9.906  -20.650
5.990  10.000  9.973  -20.808
6.000  10.000  10.060  -21.058
6.010  10.000  9.922  -21.207
6.020  10.000  9.950  -21.120
6.030  10.000  9.806  -20.890
6.040  10.000  9.953  -20.598
6.050  10.000  9.934  -20.304
6.060  10.000  10.074  -20.173
6.070  10.000  10.013  -20.183
6.080  10.000  10.131  -20.108
6.090  10.000  9.952  -19.857
6.100  10.000  9.879  -19.600
6.110  10.000  10.021  -19.377
6.120  10.000  10.063  -19.127
6.130  10.000  10.121  -18.868
6.140  10.000  10.027  -18.576
6.150  10.000  9.978  -18.317
6.160  10.000  9.987  -17.899
6.170  10.000  9.864  -17.338
6.180  10.000  9.866  -17.003
6.190  10.000  10.114  -16.788
6.200  10.000  9.894  -16.427
6.210  10.000  10.103  -15.920
6.220  10.000  9.911  -15.469
6.230  10.000  10.093  -15.219
6.240  10.000  10.246  -15.202
6.250  10.000  9.829  -15.248
6.260  10.000  10.170  -15.188
6.270  10.000  10.067  -15.121
6.280  10.000  9.906  -15.068
6.290  10.000  10.232  -15.083
6.300  10.000  9.955  -15.248
6.310  10.000  10.007  -15.345
6.320  10.000  9.820  -15.291
6.330  10.000  9.924  -15.203
6.340  10.000  10.072  -15.068
6.350  10.000  10.005  -14.803
6.360  10.000  10.038  -14.637
6.370  10.000  9.979  -14.672
6.380  10.000  10.045  -14.635
6.390  10.000  9.810  -14.381
6.400  10.000  9.779  -14.034
6.410  10.000  9.908  -13.662
6.420  10.000  9.988  -13.290
6.430  10.000  10.048  -12.990
6.440  10.000  10.024  -12.665
6.450  10.000  10.036  -12.436
6.460  10.000  9.784  -12.161
6.470  10.000  10.057  -11.693
6.480  10.000  10.153  -11.154
6.490  10.000  9.879  -10.650
6.500  10.000  10.002  -10.172
6.510  10.000  10.256  -9.726
6.520  10.000  10.231  -9.475
6.530  10.000  9.957  -9.361
6.540  10.000  10.025  -9.366
6.550  10.000  9.922  -9.492
6.560  10.000  10.149  -9.528
6.570  10.000  9.881  -9.448
6.580  10.000  10.253  -9.417
6.590  10.000  10.164  -9.520
6.600  10.000  9.919  -9.708
6.610  10.000  10.085  -10.023
6.620  10.000  10.094  -10.527
6.630  10.000  9.823  -10.952
6.640  10.000  10.061  -11.178
6.650  10.000  9.927  -11.515
6.660  10.000  10.106  -11.936
6.670  10.000  9.847  -12.108
6.680  10.000  9.920  -12.065
6.690  10.000  10.027  -11.947
6.700  10.000  9.993  -11.879
6.710  10.000  10.120  -12.089
6.720  10.000  10.027  -12.486
6.730  10.000  9.914  -12.842
6.740  10.000  9.913  -13.099
6.750  10.000  10.063  -13.276
6.760  10.000  9.935  -13.274
6.770  10.000  9.883  -13.121
6.780  10.000  9.748  -13.010
6.790  10.000  9.851  -12.878
6.800  10.000  9.894  -12.772
6.810  10.000  9.878  -12.661
6.820  10.000  10.047  -12.357
6.830  10.000  10.009  -11.810
6.840  10.000  10.044  -11.251
6.850  10.000  9.904  -10.748
6.860  10.000  10.061  -10.204
6.870  10.000  10.056  -9.949
6.880  10.000  10.108  -9.772
6.890  10.000  10.085  -9.432
6.900  10.000  10.057  -9.119
6.910  10.000  9.804  -8.848
6.920  10.000  9.984  -8.498
6.930  10.000  10.087  -8.052
6.940  10.000  9.970  -7.685
6.950  10.000  10.022  -7.275
6.960  10.000  9.964  -6.922
6.970  10.000  10.091  -6.801
6.980  10.000  9.962  -6.738
6.990  10.000  9.981  -6.505
7.000  10.000  10.185  -6.200
7.010  10.000  10.041  -5.979
7.020  10.000  10.220  -5.851
7.030  10.000  10.078  -5.845
7.040  10.000  10.069  -5.972
7.050  10.000  10.135  -6.226
7.060  10.000  9.837  -6.312
7.070  10.000  10.060  -6.272
7.080  10.000  9.901  -6.193
7.090  10.000  10.002  -6.062
7.100  10.000  10.035  -6.080
7.110  10.000  9.932  -6.238
7.120  10.000  9.973  -6.393
7.130  10.000  9.849  -6.465
7.140  10.000  10.011  -6.540
7.150  10.000  10.077  -6.658
7.160  10.000  9.917  -6.581
7.170  10.000  10.037  -6.276
7.180  10.000  10.029  -6.105
7.190  10.000  10.013  -6.082
7.200  10.000  9.876  -5.950
7.210  10.000  9.945  -5.704
7.220  10.000  9.888  -5.341
7.230  10.000  10.100  -4.976
7.240  10.000  9.954  -4.753
7.250  10.000  9.967  -4.555
7.260  10.000  9.845  -4.383
7.270  10.000  9.963  -4.273
7.280  10.000  9.855  -4.031
7.290  10.000  9.947  -3.516
7.300  10.000  9.945  -2.792
7.310  10.000  10.031  -1.990
7.320  10.000  9.945  -1.359
7.330  10.000  9.964  -0.871
7.340  10.000  9.907  -0.380
7.350  10.000  10.073  0.004
7.360  10.000  10.061  0.538
7.370  10.000  10.128  1.223
7.380  10.000  9.960  1.828
7.390  10.000  9.974  2.424
7.400  10.000  10.016  3.050
7.410  10.000  10.254  3.607
7.420  10.000  9.850  3.978
7.430  10.000  10.135  4.148
7.440  10.000  9.944  4.449
7.450  10.000  10.090  4.980
7.460  10.000  9.951  5.409
7.470  10.000  10.167  5.783
7.480  10.000  10.133  6.094
7.490  10.000  10.116  6.113
7.500  10.000  10.026  6.070
7.510  10.000  10.007  6.207
7.520  10.000  9.974  6.436
7.530  10.000  10.043  6.523
7.540  10.000  9.854  6.499
7.550  10.000  9.887  6.470
7.560  10.000  9.929  6.491
7.570  10.000  10.026  6.661
7.580  10.000  10.182  6.846
7.590  10.000  9.977  7.044
7.600  10.000  10.089  7.249
7.610  10.000  9.910  7.476
7.620  10.000  10.041  7.675
7.630  10.000  9.956  7.804
7.640  10.000  10.073  7.905
7.650  10.000  10.129  7.908
7.660  10.000  10.105  7.769
7.670  10.000  10.023  7.720
7.680  10.000  10.042  7.775
7.690  10.000  9.972  7.749
7.700  10.000  9.905  7.802
7.710  10.000  10.092  7.825
7.720  10.000  9.937  7.597
7.730  10.000  10.138  7.334
7.740  10.000  10.026  7.240
7.750  10.000  9.955  7.169
7.760  10.000  9.951  6.992
7.770  10.000  9.863  6.865
7.780  10.000  10.107  6.881
7.790  10.000  9.995  6.875
7.800  10.000  9.923  6.749
7.810  10.000  9.980  6.545
7.820  10.000  9.949  6.402
7.830  10.000  9.868  6.361
7.840  10.000  9.849  6.388
7.850  10.000  9.897  6.411
7.860  10.000  9.949  6.480
7.870  10.000  10.027  6.765
7.880  10.000  9.859  7.008
7.890  10.000  9.935  7.219
7.900  10.000  9.813  7.569
7.910  10.000  10.079  7.983
7.920  10.000  10.083  8.451
7.930  10.000  10.092  8.883
7.940  10.000  10.043  9.187
7.950  10.000  10.011  9.448
7.960  10.000  10.087  9.728
7.970  10.000  10.012  9.904
7.980  10.000  9.980  10.054
7.990  10.000  10.225  10.269
8.000  10.000  9.872  10.398
8.010  10.000  10.074  10.414
8.020  10.000  10.034  10.441
8.030  10.000  9.941  10.707
8.040  10.000  10.101  11.141
8.050  10.000  9.896  11.467
8.060  10.000  9.978  11.695
8.070  10.000  9.953  11.850
8.080  10.000  9.954  11.948
8.090  10.000  9.967  12.133
8.100  10.000  10.076  12.353
8.110  10.000  10.072  12.545
8.120  10.000  9.775  12.752
8.130  10.000  10.068  12.883
8.140  10.000  10.068  13.039
8.150  10.000  10.009  13.228
8.160  10.000  9.986  13.416
8.170  10.000  9.952  13.714
8.180  10.000  10.141  13.933
8.190  10.000  9.785  14.190
8.200  10.000  10.073  14.477
8.210  10.000  10.069  14.714
8.220  10.000  10.185  14.952
8.230  10.000  9.791  15.168
8.240  10.000  10.038  15.366
8.250  10.000  10.077  15.501
8.260  10.000  9.897  15.806
8.270  10.000  10.088  16.208
8.280  10.000  10.060  16.414
8.290  10.000  9.974  16.625
8.300  10.000  10.146  16.873
8.310  10.000  10.111  16.982
8.320  10.000  10.139  17.048
8.330  10.000  9.950  17.125
8.340  10.000  10.064  17.154
8.350  11.500  9.951  16.878
8.360  13.000  10.090  16.815
8.370  14.500  10.987  17.699
8.380  16.000  12.018  19.503
8.390  17.500  13.638  22.595
8.400  19.000  16.433  27.159
8.410  20.500  19.601  33.137
8.420  22.000  21.605  40.350
8.430  23.500  23.393  48.414
8.440  25.000  24.257  56.737
8.450  25.000  24.984  65.251
8.460  25.000  25.453  73.666
8.470  25.000  26.620  81.319
8.480  25.000  26.194  88.793
8.490  25.000  25.090  96.511
8.500  25.000  24.438  104.333
8.510  25.000  24.604  111.848
8.520  25.000  24.566  119.073
8.530  25.000  25.197  126.143
8.540  25.000  25.231  133.541
8.550  25.000  24.594  141.073
8.560  25.000  24.292  148.292
8.570  25.000  25.301  155.532
8.580  25.000  26.326  162.881
8.590  25.000  25.706  170.226
8.600  25.000  24.963  177.238
8.610  25.000  23.821  184.398
8.620  25.000  24.650  191.507
8.630  25.000  24.952  198.482
8.640  25.000  25.969  205.469
8.650  25.000  25.530  212.396
8.660  25.000  24.611  219.457
8.670  25.000  24.473  226.279
8.680  25.000  24.085  233.153
8.690  25.000  25.186  240.348
8.700  25.000  26.802  247.421
8.710  25.000  26.237  254.167
8.720  25.000  24.423  260.825
8.730  25.000  24.317  267.115
8.740  25.000  24.245  273.063
8.750  25.000  24.692  279.102
8.760  25.000  25.472  285.344
8.770  25.000  26.045  291.523
8.780  25.000  24.675  297.489
8.790  25.000  24.259  303.064
8.800  25.000  25.125  308.598
8.810  25.000  25.561  314.631
8.820  25.000  24.652  320.736
8.830  25.000  24.641  326.707
8.840  25.000  25.260  332.697
8.850  25.000  25.055  338.976
8.860  25.000  24.857  345.193
8.870  25.000  25.662  350.936
8.880  25.000  25.142  356.551
8.890  25.000  24.744  362.317
8.900  25.000  25.486  367.986
8.910  25.000  25.473  373.308
8.920  25.000  24.924  378.438
8.930  25.000  24.457  383.755
8.940  25.000  24.997  389.337
8.950  25.000  25.002  395.203
8.960  25.000  25.221  400.905
8.970  25.000  25.730  406.125
8.980  25.000  25.301  411.292
8.990  25.000  24.587  416.461
9.000  25.000  24.655  421.638
9.010  25.000  25.009  426.876
9.020  25.000  25.313  432.293
9.030  25.000  25.549  437.633
9.040  25.000  24.882  442.545
9.050  25.000  25.235  447.215
9.060  25.000  25.178  451.815
9.070  25.000  25.025  456.387
9.080  25.000  25.300  460.885
9.090  25.000  25.461  465.504
9.100  25.000  25.068  470.048
9.110  25.000  24.798  474.470
9.120  25.000  24.761  479.042
9.130  25.000  25.377  483.402
9.140  25.000  25.722  487.670
9.150  25.000  25.035  492.164
9.160  25.000  24.560  496.662
9.170  25.000  24.993  500.902
9.180  25.000  24.858  505.228
9.190  25.000  24.854  509.615
9.200  25.000  25.330  513.985
9.210  25.000  25.790  518.188
9.220  25.000  25.191  522.059
9.230  25.000  25.302  525.933
9.240  25.000  24.961  529.840
9.250  25.000  24.779  533.910
9.260  25.000  25.172  537.869
9.270  25.000  25.295  541.553
9.280  25.000  25.236  545.267
9.290  25.000  24.751  548.998
9.300  25.000  24.808  552.510
9.310  25.000  25.487  555.960
9.320  25.000  24.984  559.338
9.330  25.000  24.872  562.618
9.340  25.000  25.250  565.938
9.350  10.000  25.441  569.052
9.360  10.000  24.424  571.752
9.370  10.000  21.120  573.237
9.380  10.000  19.204  572.301
9.390  10.000  14.755  566.920
9.400  10.000  11.633  559.542
9.410  10.000  11.062  553.235
9.420  10.000  10.910  547.037
9.430  10.000  10.423  541.065
9.440  10.000  10.279  534.121
9.450  10.000  10.037  527.048
9.460  10.000  9.837  520.853
9.470  10.000  9.961  514.725
9.480  10.000  9.469  508.211
9.490  10.000  9.677  500.718
9.500  10.000  10.220  493.669
9.510  10.000  9.943  486.807
9.520  10.000  9.976  480.241
9.530  10.000  9.656  474.403
9.540  10.000  9.571  467.703
9.550  10.000  9.493  460.398
9.560  10.000  9.707  453.243
9.570  10.000  9.838  445.879
9.580  10.000  9.900  438.695
9.590  10.000  9.959  432.641
9.600  10.000  9.682  426.296
9.610  10.000  9.549  419.425
9.620  10.000  9.401  412.609
9.630  10.000  9.522  406.302
9.640  10.000  9.679  400.012
9.650  10.000  9.686  392.974
9.660  10.000  9.789  386.792
9.670  10.000  9.820  380.356
9.680  10.000  9.904  373.851
9.690  10.000  9.972  368.348
9.700  10.000  9.684  362.929
9.710  10.000  9.842  357.655
9.720  10.000  9.771  351.947
9.730  10.000  9.600  345.516
9.740  10.000  9.289  339.710
9.750  10.000  9.425  334.635
9.760  10.000  9.318  328.783
9.770  10.000  9.243  322.778
9.780  10.000  9.550  316.820
9.790  10.000  9.555  310.614
9.800  10.000  9.737  305.189
9.810  10.000  9.913  300.287
9.820  10.000  10.040  295.188
9.830  10.000  9.822  289.421
9.840  10.000  9.780  284.115
9.850  10.000  9.769  279.748
9.860  10.000  9.710  275.264
9.870  10.000  9.720  270.884
9.880  10.000  9.911  266.232
9.890  10.000  9.585  261.263
9.900  10.000  9.734  256.478
9.910  10.000  9.779  251.588
9.920  10.000  9.501  246.875
9.930  10.000  9.385  242.373
9.940  10.000  9.400  237.999
9.950  10.000  9.416  233.824
9.960  10.000  9.724  229.690
9.970  10.000  9.786  225.210
9.980  10.000  9.740  220.516
9.990  10.000  9.727  216.248
10.000  10.000  9.857  211.968
10.010  10.000  9.952  207.796
10.020  10.000  9.837  203.923
10.030  10.000  9.809  200.179
10.040  10.000  9.877  196.509
10.050  10.000  9.968  192.406
10.060  10.000  9.992  188.007
10.070  10.000  9.968  183.928
10.080  10.000  9.884  180.372
10.090  10.000  9.830  176.823
10.100  10.000  9.876  173.030
10.110  10.000  9.859  169.216
10.120  10.000  9.938  165.214
10.130  10.000  9.699  161.324
10.140  10.000  9.841  157.763
10.150  10.000  9.816  154.120
10.160  10.000  9.943  150.494
10.170  10.000  9.773  146.946
10.180  10.000  9.771  143.054
10.190  10.000  9.652  139.254
10.200  10.000  9.615  135.914
10.210  10.000  9.625  132.722
10.220  10.000  9.542  129.446
10.230  10.000  9.531  126.017
10.240  10.000  9.632  122.373
10.250  10.000  9.644  118.849
10.260  10.000  9.717  115.707
10.270  10.000  9.791  112.505
10.280  10.000  9.804  109.413
10.290  10.000  9.990  106.555
10.300  10.000  9.991  103.620
10.310  10.000  9.940  100.615
10.320  10.000  9.930  97.816
10.330  10.000  10.154  95.094
10.340  10.000  9.923  92.326
10.350  10.000  10.074  89.630
10.360  10.000  9.923  86.951
10.370  10.000  9.888  84.217
10.380  10.000  9.953  81.337
10.390  10.000  9.741  78.483
10.400  10.000  9.984  76.025
10.410  10.000  9.936  73.686
10.420  10.000  9.905  71.176
10.430  10.000  9.989  68.669
10.440  10.000  9.791  66.289
10.450  10.000  9.925  64.022
10.460  10.000  10.123  61.638
10.470  10.000  9.886  59.312
10.480  10.000  9.899  57.368
10.490  10.000  9.823  55.428
10.500  10.000  10.034  53.311
10.510  10.000  9.970  51.285
10.520  10.000  9.935  49.361
10.530  10.000  9.930  47.568
10.540  10.000  10.004  45.786
10.550  10.000  9.935  43.774
10.560  10.000  10.142  41.719
10.570  10.000  9.870  39.879
10.580  10.000  9.776  38.204
10.590  10.000  9.922  36.535
10.600  10.000  10.007  34.853
10.610  10.000  9.988  33.271
10.620  10.000  10.005  31.758
10.630  10.000  9.927  30.130
10.640  10.000  10.108  28.471
10.650  10.000  9.882  26.954
10.660  10.000  9.863  25.504
10.670  10.000  10.004  24.092
10.680  10.000  10.029  22.625
10.690  10.000  9.882  21.043
10.700  10.000  10.001  19.503
10.710  10.000  10.041  18.054
10.720  10.000  10.005  16.685
10.730  10.000  10.037  15.373
10.740  10.000  9.780  14.083
10.750  10.000  9.897  12.774
10.760  10.000  9.928  11.514
10.770  10.000  10.003  10.326
10.780  10.000  9.866  9.083
10.790  10.000  9.842  7.778
10.800  10.000  9.934  6.548
10.810  10.000  9.820  5.454
10.820  10.000  9.770  4.386
10.830  10.000  9.825  3.259
10.840  10.000  9.985  2.120
10.850  10.000  9.844  0.996
10.860  10.000  9.856  -0.264
10.870  10.000  9.771  -1.469
10.880  10.000  9.763  -2.619
10.890  10.000  9.631  -3.726
10.900  10.000  9.666  -4.737
10.910  10.000  9.687  -5.847
10.920  10.000  9.725  -6.895
10.930  10.000  9.916  -7.890
10.940  10.000  9.901  -8.758
10.950  10.000  9.953  -9.451
10.960  10.000  9.882  -10.045
10.970  10.000  9.867  -10.458
10.980  10.000  9.830  -10.677
10.990  10.000  10.038  -10.811
11.000  10.000  10.060  -11.056
11.010  10.000  9.990  -11.453
11.020  10.000  9.781  -11.791
11.030  10.000  10.070  -12.107
11.040  10.000  9.834  -12.503
11.050  10.000  9.896  -12.751
11.060  10.000  9.958  -12.810
11.070  10.000  9.827  -12.710
11.080  10.000  10.183  -12.584
11.090  10.000  9.913  -12.392
11.100  10.000  10.044  -11.906
11.110  10.000  9.920  -11.426
11.120  10.000  10.016  -11.143
11.130  10.000  9.956  -10.842
11.140  10.000  10.084  -10.528
11.150  10.000  9.930  -10.271
11.160  10.000  10.149  -10.163
11.170  10.000  9.994  -10.217
11.180  10.000  10.139  -10.224
11.190  10.000  9.962  -10.194
11.200  10.000  10.062  -10.314
11.210  10.000  10.032  -10.565
11.220  10.000  10.096  -10.584
11.230  10.000  10.037  -10.452
11.240  10.000  10.036  -10.538
11.250  10.000  9.996  -10.777
11.260  10.000  10.134  -10.948
11.270  10.000  10.002  -10.985
11.280  10.000  9.984  -11.202
11.290  10.000  9.975  -11.522
11.300  10.000  9.915  -11.686
11.310  10.000  9.996  -11.885
11.320  10.000  10.000  -12.056
11.330  10.000  10.031  -12.160
11.340  10.000  9.791  -12.378
11.350  10.000  9.995  -12.658
11.360  10.000  9.947  -12.830
11.370  10.000  10.188  -12.917
11.380  10.000  9.877  -12.917
11.390  10.000  10.098  -12.919
11.400  10.000  10.045  -13.046
11.410  10.000  10.236  -13.181
11.420  10.000  9.915  -13.441
11.430  10.000  10.124  -13.817
11.440  10.000  9.957  -14.158
11.450  10.000  9.740  -14.412
11.460  10.000  9.958  -14.568
11.470  10.000  10.101  -14.712
11.480  10.000  10.006  -14.847
11.490  10.000  10.137  -15.064
11.500  10.000  9.752  -15.363
11.510  10.000  10.006  -15.648
11.520  10.000  9.827  -15.852
11.530  10.000  10.114  -15.916
11.540  10.000  9.756  -15.759
11.550  10.000  10.117  -15.480
11.560  10.000  9.844  -15.350
11.570  10.000  9.929  -15.196
11.580  10.000  10.123  -14.989
11.590  10.000  10.034  -14.815
11.600  10.000  9.882  -14.604
11.610  10.000  10.011  -14.609
11.620  10.000  10.069  -14.802
11.630  10.000  10.170  -14.950
11.640  10.000  10.165  -15.016
11.650  10.000  10.033  -15.016
11.660  10.000  10.131  -15.103
11.670  10.000  9.988  -15.339
11.680  10.000  10.217  -15.759
11.690  10.000  9.892  -16.260
11.700  10.000  10.017  -16.720
11.710  10.000  9.947  -17.215
11.720  10.000  10.030  -17.589
11.730  10.000  10.137  -17.841
11.740  10.000  9.819  -18.189
11.750  10.000  9.977  -18.620
11.760  10.000  9.975  -18.992
11.770  10.000  9.916  -19.273
11.780  10.000  10.021  -19.545
11.790  10.000  9.975  -19.710
11.800  10.000  10.047  -19.907
11.810  10.000  9.965  -20.071
11.820  10.000  9.947  -20.125
11.830  10.000  9.860  -20.284
11.840  10.000  9.922  -20.510
11.850  10.000  10.142  -20.775
11.860  10.000  10.051  -21.000
11.870  10.000  9.843  -20.970
11.880  10.000  10.000  -20.790
11.890  10.000  10.000  -20.691
11.900  10.000  9.835  -20.521
11.910  10.000  9.816  -20.202
11.920  10.000  9.828  -19.910
11.930  10.000  9.899  -19.658
11.940  10.000  10.107  -19.311
11.950  10.000  9.866  -19.091
11.960  10.000  10.076  -18.976
11.970  10.000  10.208  -18.861
11.980  10.000  10.116  -18.759
11.990  10.000  10.050  -18.604
12.000  10.000  9.895  -18.335
12.010  10.000  10.125  -18.016
12.020  10.000  10.043  -17.867
12.030  10.000  10.059  -17.942
12.040  10.000  9.893  -18.134
12.050  10.000  10.124  -18.216
12.060  10.000  10.096  -18.086
12.070  10.000  9.821  -17.830
12.080  10.000  10.153  -17.674
12.090  10.000  9.978  -17.744
12.100  10.000  10.151  -17.823
12.110  10.000  10.126  -17.930
12.120  10.000  10.105  -18.096
12.130  10.000  10.018  -18.187
12.140  10.000  9.727  -18.222
12.150  10.000  9.919  -18.211
12.160  10.000  10.042  -18.225
12.170  10.000  10.114  -18.501
12.180  10.000  10.013  -19.122
12.190  10.000  9.987  -19.814
12.200  10.000  10.009  -20.325
12.210  10.000  10.138  -20.701
12.220  10.000  9.743  -20.931
12.230  10.000  10.101  -20.993
12.240  10.000  9.951  -21.243
12.250  10.000  10.069  -21.465
12.260  10.000  9.907  -21.583
12.270  10.000  9.905  -21.773
12.280  10.000  10.214  -21.893
12.290  10.000  9.837  -21.799
12.300  10.000  10.066  -21.587
12.310  10.000  9.886  -21.556
12.320  10.000  9.827  -21.550
12.330  10.000  9.993  -21.557
12.340  10.000  9.874  -21.599
12.350  10.000  10.009  -21.725
12.360  10.000  10.002  -21.925
12.370  10.000  9.964  -21.941
12.380  10.000  10.135  -21.852
12.390  10.000  9.844  -21.748
12.400  10.000  10.003  -21.465
12.410  10.000  10.002  -21.139
12.420  10.000  10.014  -20.907
12.430  10.000  10.263  -20.752
12.440  10.000  10.009  -20.597
12.450  10.000  9.752  -20.223
12.460  10.000  9.900  -19.852
12.470  10.000  10.165  -19.599
12.480  10.000  9.957  -19.439
12.490  10.000  9.933  -19.421
12.500  10.000  9.967  -19.385
12.510  10.000  10.062  -19.322
12.520  10.000  9.923  -19.216
12.530  10.000  10.210  -19.040
12.540  10.000  10.013  -18.857
12.550  10.000  10.076  -18.668
12.560  10.000  10.040  -18.694
12.570  10.000  10.082  -18.920
12.580  10.000  10.120  -19.047
12.590  10.000  9.960  -19.028
12.600  10.000  10.089  -19.011
12.610  10.000  10.011  -19.109
12.620  10.000  10.041  -19.268
12.630  10.000  9.993  -19.380
12.640  10.000  10.033  -19.483
12.650  10.000  10.067  -19.643
12.660  10.000  9.912  -19.653
12.670  10.000  10.139  -19.664
12.680  10.000  9.897  -19.658
12.690  10.000  10.082  -19.572
12.700  10.000  10.009  -19.729
12.710  10.000  10.020  -20.085
12.720  10.000  9.995  -20.692
12.730  10.000  9.922  -21.519
12.740  10.000  10.077  -22.156
12.750  10.000  9.961  -22.542
12.760  10.000  9.821  -22.728
12.770  10.000  9.763  -22.592
12.780  10.000  10.019  -22.437
12.790  10.000  9.819  -22.453
12.800  10.000  10.059  -22.464
12.810  10.000  10.013  -22.392
12.820  10.000  10.005  -22.375
12.830  10.000  10.104  -22.467
12.840  10.000  10.026  -22.607
12.850  10.000  10.094  -22.694
12.860  10.000  10.119  -22.809
12.870  10.000  10.071  -23.113
12.880  10.000  9.795  -23.309
12.890  10.000  9.995  -23.354
12.900  10.000  9.897  -23.484
12.910  10.000  9.986  -23.649
12.920  10.000  9.822  -23.642
12.930  10.000  10.059  -23.382
12.940  10.000  10.024  -23.136
12.950  10.000  9.964  -23.106
12.960  10.000  10.079  -23.205
12.970  10.000  9.959  -23.255
12.980  10.000  10.098  -23.223
12.990  10.000  9.893  -23.290
13.000  10.000  9.935  -23.397
13.010  10.000  9.888  -23.269
13.020  10.000  10.000  -22.973
13.030  10.000  9.951  -22.846
13.040  10.000  9.960  -22.754
13.050  10.000  9.931  -22.450
13.060  10.000  10.139  -22.129
13.070  10.000  10.081  -21.836
13.080  10.000  9.954  -21.477
13.090  10.000  10.242  -21.308
13.100  10.000  9.925  -21.240
13.110  10.000  10.099  -20.918
13.120  10.000  10.078  -20.663
13.130  10.000  9.921  -20.690
13.140  10.000  10.064  -20.710
13.150  10.000  9.980  -20.567
13.160  10.000  10.047  -20.468
13.170  10.000  9.907  -20.471
13.180  10.000  10.037  -20.427
13.190  10.000  9.828  -20.308
13.200  10.000  9.997  -20.246
13.210  10.000  10.076  -20.182
13.220  10.000  9.766  -20.025
13.230  10.000  10.227  -19.961
13.240  10.000  9.993  -19.896
13.250  10.000  10.037  -19.748
13.260  10.000  10.010  -19.714
13.270  10.000  10.179  -19.924
13.280  10.000  10.018  -20.170
13.290  10.000  9.934  -20.295
13.300  10.000  10.145  -20.461
13.310  10.000  9.917  -20.697
13.320  10.000  9.908  -20.908
13.330  10.000  10.081  -21.090
13.340  10.000  10.052  -21.333
13.350  10.000  10.053  -21.552
13.360  11.500  9.822  -21.457
13.370  13.000  10.326  -21.039
13.380  14.500  10.868  -20.130
13.390  16.000  11.852  -18.250
13.400  17.500  13.880  -15.013
13.410  19.000  16.678  -10.283
13.420  20.500  19.811  -4.024
13.430  22.000  21.766  3.282
13.440  23.500  23.263  11.021
13.450  25.000  24.766  19.368
13.460  25.000  25.529  27.830
13.470  25.000  25.472  36.378
13.480  25.000  25.510  44.877
13.490  25.000  24.626  53.005
13.500  25.000  24.728  60.951
13.510  25.000  25.353  68.418
13.520  25.000  26.270  75.506
13.530  25.000  24.500  82.967
13.540  25.000  23.851  90.881
13.550  25.000  24.549  98.409
13.560  25.000  24.989  106.098
13.570  25.000  25.528  114.695
13.580  25.000  25.945  122.892
13.590  25.000  25.434  130.231
13.600  25.000  24.801  137.584
13.610  25.000  24.064  144.830
13.620  25.000  24.258  152.000
13.630  25.000  25.321  159.255
13.640  25.000  25.442  166.884
13.650  25.000  25.676  174.557
13.660  25.000  25.308  181.656
13.670  25.000  24.628  188.421
13.680  25.000  24.936  195.448
13.690  25.000  25.022  202.538
13.700  25.000  25.239  209.484
13.710  25.000  25.170  216.303
13.720  25.000  24.363  223.232
13.730  25.000  25.050  230.235
13.740  25.000  25.513  237.029
13.750  25.000  25.455  244.187
13.760  25.000  24.738  251.151
13.770  25.000  24.471  257.671
13.780  25.000  25.293  264.111
13.790  25.000  25.243  270.666
13.800  25.000  25.165  277.416
13.810  25.000  24.916  283.887
13.820  25.000  25.107  290.034
13.830  25.000  25.133  296.131
13.840  25.000  25.159  302.354
13.850  25.000  24.949  308.485
13.860  25.000  24.717  314.517
13.870  25.000  25.252  320.346
13.880  25.000  25.339  326.160
13.890  25.000  25.139  332.110
13.900  25.000  24.947  338.037
13.910  25.000  24.939  344.094
13.920  25.000  25.043  350.122
13.930  25.000  24.651  356.320
13.940  25.000  25.432  362.435
13.950  25.000  25.142  368.139
13.960  25.000  25.890  373.592
13.970  25.000  25.191  378.991
13.980  25.000  24.432  384.332
13.990  25.000  24.699  389.476
14.000  25.000  25.066  394.585
14.010  25.000  25.486  399.784
14.020  25.000  25.042  405.151
14.030  25.000  24.667  410.490
14.040  25.000  24.797  415.962
14.050  25.000  25.770  421.322
14.060  25.000  25.804  426.636
14.070  25.000  25.229  431.952
14.080  25.000  25.191  436.712
14.090  25.000  25.128  441.340
14.100  25.000  24.826  446.060
14.110  25.000  24.852  450.848
14.120  25.000  25.102  455.609
14.130  25.000  25.117  460.457
14.140  25.000  24.981  465.313
14.150  25.000  25.496  469.933
14.160  25.000  25.360  474.461
14.170  25.000  24.845  478.757
14.180  25.000  24.879  482.831
14.190  25.000  24.933  486.921
14.200  25.000  25.150  491.089
14.210  25.000  24.716  495.282
14.220  25.000  25.407  499.419
14.230  25.000  25.248  503.647
14.240  25.000  24.876  507.963
14.250  25.000  24.931  512.313
14.260  25.000  25.192  516.636
14.270  25.000  25.620  520.609
14.280  25.000  25.702  524.191
14.290  25.000  24.515  527.667
14.300  25.000  24.732  531.208
14.310  25.000  24.865  535.024
14.320  25.000  25.146  538.962
14.330  25.000  25.734  542.509
14.340  25.000  25.202  545.813
14.350  25.000  24.885  549.157
14.360  10.000  24.950  552.416
14.370  10.000  23.768  555.357
14.380  10.000  21.385  556.863
14.390  10.000  19.106  555.808
14.400  10.000  14.731  550.278
14.410  10.000  11.855  542.867
14.420  10.000  10.995  536.912
14.430  10.000  10.910  530.227
14.440  10.000  10.659  523.039
14.450  10.000  10.733  515.919
14.460  10.000  10.478  508.362
14.470  10.000  10.244  501.159
14.480  10.000  9.799  494.856
14.490  10.000  9.881  488.253
14.500  10.000  9.769  481.614
14.510  10.000  9.994  474.871
14.520  10.000  9.945  467.851
14.530  10.000  9.960  461.072
14.540  10.000  9.912  454.054
14.550  10.000  9.474  447.753
14.560  10.000  9.246  441.613
14.570  10.000  9.390  434.714
14.580  10.000  9.918  427.420
14.590  10.000  9.794  420.162
14.600  10.000  9.872  413.524
14.610  10.000  9.634  406.890
14.620  10.000  9.537  400.713
14.630  10.000  9.232  395.036
14.640  10.000  9.685  388.939
14.650  10.000  9.595  382.687
14.660  10.000  9.838  376.141
14.670  10.000  9.857  369.641
14.680  10.000  9.783  363.608
14.690  10.000  9.934  358.201
14.700  10.000  9.839  353.066
14.710  10.000  9.914  347.890
14.720  10.000  9.866  342.851
14.730  10.000  9.610  337.193
14.740  10.000  9.586  331.249
14.750  10.000  9.543  325.713
14.760  10.000  9.372  319.571
14.770  10.000  9.406  313.001
14.780  10.000  9.409  307.077
14.790  10.000  9.563  301.959
14.800  10.000  9.616  297.296
14.810  10.000  9.649  292.381
14.820  10.000  9.727  287.368
14.830  10.000  9.811  281.869
14.840  10.000  9.840  276.217
14.850  10.000  9.859  271.429
14.860  10.000  9.816  266.672
14.870  10.000  9.731  261.302
14.880  10.000  9.764  255.763
14.890  10.000  9.683  250.418
14.900  10.000  9.751  245.744
14.910  10.000  9.725  241.248
14.920  10.000  9.536  236.321
14.930  10.000  9.675  231.610
14.940  10.000  9.633  226.462
14.950  10.000  9.431  221.447
14.960  10.000  9.566  216.958
14.970  10.000  9.522  212.395
14.980  10.000  9.783  207.923
14.990  10.000  9.771  203.573
15.000  10.000  9.822  199.462
15.010  10.000  9.836  195.397
15.020  10.000  9.801  191.196
15.030  10.000  10.002  187.368
15.040  10.000  9.843  183.784
15.050  10.000  9.785  179.985
15.060  10.000  9.884  176.113
15.070  10.000  9.885  172.212
15.080  10.000  9.966  168.440
15.090  10.000  9.986  164.750
15.100  10.000  9.786  161.080
15.110  10.000  9.925  157.251
15.120  10.000  9.870  153.439
15.130  10.000  9.860  149.883
15.140  10.000  9.724  146.399
15.150  10.000  9.760  142.865
15.160  10.000  9.868  139.143
15.170  10.000  9.849  135.689
15.180  10.000  10.034  132.288
15.190  10.000  9.755  128.721
15.200  10.000  9.734  125.290
15.210  10.000  9.700  121.913
15.220  10.000  9.687  118.371
15.230  10.000  9.715  114.854
15.240  10.000  9.760  111.518
15.250  10.000  9.633  108.112
15.260  10.000  9.663  104.741
15.270  10.000  9.652  101.469
15.280  10.000  9.608  98.366
15.290  10.000  9.673  95.492
15.300  10.000  9.799  92.777
15.310  10.000  9.991  89.937
15.320  10.000  9.945  86.854
15.330  10.000  9.985  83.904
15.340  10.000  9.926  81.182
15.350  10.000  9.769  78.525
15.360  10.000  9.891  75.927
15.370  10.000  9.937  73.277
15.380  10.000  10.015  70.633
15.390  10.000  9.805  68.301
15.400  10.000  9.886  66.068
15.410  10.000  10.025  63.729
15.420  10.000  10.057  61.438
15.430  10.000  9.895  59.045
15.440  10.000  9.855  56.603
15.450  10.000  9.778  54.407
15.460  10.000  10.101  52.332
15.470  10.000  9.996  50.316
15.480  10.000  9.960  48.399
15.490  10.000  9.897  46.504
15.500  10.000  9.870  44.614
15.510  10.000  10.064  42.690
15.520  10.000  10.004  40.826
15.530  10.000  9.931  39.045
15.540  10.000  9.932  37.257
15.550  10.000  10.060  35.310
15.560  10.000  9.976  33.313
15.570  10.000  9.919  31.537
15.580  10.000  9.835  29.931
15.590  10.000  9.968  28.421
15.600  10.000  9.881  27.083
15.610  10.000  9.977  25.739
15.620  10.000  10.084  24.158
15.630  10.000  9.966  22.509
15.640  10.000  9.848  20.983
15.650  10.000  9.906  19.501
15.660  10.000  9.976  17.885
15.670  10.000  9.912  16.303
15.680  10.000  9.850  15.029
15.690  10.000  10.032  13.857
15.700  10.000  9.960  12.535
15.710  10.000  9.974  11.212
15.720  10.000  10.024  10.064
15.730  10.000  9.993  8.920
15.740  10.000  9.887  7.646
15.750  10.000  10.067  6.428
15.760  10.000  9.921  5.188
15.770  10.000  9.824  3.753
15.780  10.000  9.956  2.281
15.790  10.000  9.959  0.968
15.800  10.000  9.909  -0.228
15.810  10.000  9.785  -1.392
15.820  10.000  9.781  -2.468
15.830  10.000  9.647  -3.352
15.840  10.000  9.879  -4.324
15.850  10.000  9.667  -5.443
15.860  10.000  9.783  -6.511
15.870  10.000  9.821  -7.528
15.880  10.000  9.690  -8.465
15.890  10.000  9.694  -9.410
15.900  10.000  9.862  -10.294
15.910  10.000  9.714  -11.091
15.920  10.000  9.827  -11.810
15.930  10.000  9.903  -12.308
15.940  10.000  9.828  -12.533
15.950  10.000  9.878  -12.747
15.960  10.000  9.911  -13.056
15.970  10.000  9.757  -13.094
15.980  10.000  10.044  -12.965
15.990  10.000  9.876  -12.809
16.000  10.000  10.004  -12.657
16.010  10.000  9.860  -12.621
16.020  10.000  10.104  -12.628
16.030  10.000  10.088  -12.658
16.040  10.000  9.901  -12.568
16.050  10.000  10.030  -12.450
16.060  10.000  10.004  -12.487
16.070  10.000  9.918  -12.457
16.080  10.000  10.121  -12.283
16.090  10.000  9.866  -12.137
16.100  10.000  10.039  -11.920
16.110  10.000  9.899  -11.642
16.120  10.000  9.885  -11.192
16.130  10.000  10.150  -10.575
16.140  10.000  10.154  -10.186
16.150  10.000  10.096  -9.984
16.160  10.000  10.262  -10.013
16.170  10.000  9.948  -10.089
16.180  10.000  10.070  -10.144
16.190  10.000  10.006  -10.305
16.200  10.000  10.126  -10.527
16.210  10.000  9.925  -10.844
16.220  10.000  9.771  -11.037
16.230  10.000  9.934  -11.016
16.240  10.000  9.971  -10.957
16.250  10.000  10.056  -10.902
16.260  10.000  10.009  -10.891
16.270  10.000  9.757  -10.830
16.280  10.000  10.149  -10.699
16.290  10.000  9.977  -10.608
16.300  10.000  10.244  -10.626
16.310  10.000  10.033  -10.751
16.320  10.000  10.016  -10.788
16.330  10.000  9.964  -10.842
16.340  10.000  10.175  -11.005
16.350  10.000  9.994  -11.257
16.360  10.000  9.847  -11.557
16.370  10.000  10.054  -11.895
16.380  10.000  10.032  -12.092
16.390  10.000  10.033  -12.151
16.400  10.000  9.991  -12.262
16.410  10.000  10.075  -12.397
16.420  10.000  10.030  -12.709
16.430  10.000  9.822  -13.002
16.440  10.000  9.743  -12.962
16.450  10.000  9.974  -12.700
16.460  10.000  9.952  -12.419
16.470  10.000  10.118  -12.504
16.480  10.000  9.943  -12.806
16.490  10.000  10.060  -12.923
16.500  10.000  9.877  -12.896
16.510  10.000  9.988  -12.831
16.520  10.000  10.046  -12.782
16.530  10.000  10.019  -12.923
16.540  10.000  9.865  -13.155
16.550  10.000  9.932  -13.159
16.560  10.000  10.047  -13.131
16.570  10.000  9.945  -13.096
16.580  10.000  10.036  -12.865
16.590  10.000  10.088  -12.604
16.600  10.000  10.073  -12.514
16.610  10.000  9.935  -12.560
16.620  10.000  9.959  -12.448
16.630  10.000  9.876  -12.149
16.640  10.000  9.893  -11.740
16.650  10.000  9.928  -11.226
16.660  10.000  10.105  -10.853
16.670  10.000  10.123  -10.694
16.680  10.000  9.924  -10.634
16.690  10.000  9.929  -10.498
16.700  10.000  9.915  -10.291
16.710  10.000  9.993  -10.121
16.720  10.000  10.142  -10.062
16.730  10.000  10.064  -9.972
16.740  10.000  10.058  -9.723
16.750  10.000  10.000  -9.634
16.760  10.000  10.158  -9.660
16.770  10.000  10.006  -9.604
16.780  10.000  10.038  -9.582
16.790  10.000  10.011  -9.608
16.800  10.000  10.115  -9.534
16.810  10.000  10.101  -9.421
16.820  10.000  10.007  -9.497
16.830  10.000  9.975  -9.630
16.840  10.000  10.042  -9.740
16.850  10.000  9.847  -9.917
16.860  10.000  10.058  -10.073
16.870  10.000  9.919  -10.068
16.880  10.000  10.135  -9.928
16.890  10.000  9.983  -9.771
16.900  10.000  9.981  -9.647
16.910  10.000  10.059  -9.712
16.920  10.000  10.042  -9.983
16.930  10.000  9.682  -10.132
16.940  10.000  9.922  -9.957
16.950  10.000  9.852  -9.547
16.960  10.000  9.802  -8.950
16.970  10.000  10.063  -8.531
16.980  10.000  9.927  -8.232
16.990  10.000  9.995  -7.906
17.000  10.000  10.038  -7.580
17.010  10.000  9.919  -7.198
17.020  10.000  10.062  -6.701
17.030  10.000  9.942  -6.093
17.040  10.000  10.240  -5.711
17.050  10.000  9.818  -5.512
17.060  10.000  10.222  -5.354
17.070  10.000  10.104  -5.318
17.080  10.000  10.115  -5.371
17.090  10.000  10.190  -5.340
17.100  10.000  10.000  -5.268
17.110  10.000  9.962  -5.304
17.120  10.000  9.928  -5.497
17.130  10.000  10.176  -5.723
17.140  10.000  9.988  -5.930
17.150  10.000  10.005  -5.988
17.160  10.000  9.837  -5.856
17.170  10.000  9.995  -5.757
17.180  10.000  10.168  -5.813
17.190  10.000  9.994  -5.948
17.200  10.000  9.999  -6.062
17.210  10.000  10.012  -6.156
17.220  10.000  10.055  -6.361
17.230  10.000  10.006  -6.839
17.240  10.000  10.091  -7.270
17.250  10.000  9.862  -7.453
17.260  10.000  10.017  -7.550
17.270  10.000  9.976  -7.584
17.280  10.000  9.895  -7.664
17.290  10.000  10.060  -7.808
17.300  10.000  10.059  -7.966
17.310  10.000  10.089  -8.199
17.320  10.000  9.920  -8.613
17.330  10.000  10.037  -9.132
17.340  10.000  9.974  -9.475
17.350  10.000  9.695  -9.596
17.360  10.000  10.030  -9.517
17.370  10.000  9.895  -9.294
17.380  10.000  10.028  -9.094
17.390  10.000  9.807  -9.068
17.400  10.000  10.030  -9.096
17.410  10.000  9.951  -9.019
17.420  10.000  9.933  -8.866
17.430  10.000  9.828  -8.665
17.440  10.000  10.123  -8.366
17.450  10.000  10.002  -8.063
17.460  10.000  9.971  -7.806
17.470  10.000  10.018  -7.510
17.480  10.000  10.048  -7.266
17.490  10.000  10.056  -7.089
17.500  10.000  10.118  -6.996
17.510  10.000  10.017  -7.043
17.520  10.000  9.855  -7.056
17.530  10.000  9.924  -6.889
17.540  10.000  10.029  -6.679
17.550  10.000  9.785  -6.467
17.560  10.000  9.929  -6.226
17.570  10.000  9.944  -5.800
17.580  10.000  10.082  -5.220
17.590  10.000  9.965  -4.705
17.600  10.000  10.134  -4.355
17.610  10.000  10.117  -4.131
17.620  10.000  10.191  -3.927
17.630  10.000  10.111  -3.811
17.640  10.000  10.036  -3.654
17.650  10.000  9.999  -3.446
17.660  10.000  10.005  -3.309
17.670  10.000  10.194  -3.250
17.680  10.000  9.938  -3.136
17.690  10.000  9.950  -2.839
17.700  10.000  10.140  -2.781
17.710  10.000  9.992  -3.038
17.720  10.000  10.153  -3.128
17.730  10.000  9.969  -3.134
17.740  10.000  10.136  -3.198
17.750  10.000  10.071  -3.261
17.760  10.000  9.865  -3.341
17.770  10.000  9.906  -3.444
17.780  10.000  9.970  -3.619
17.790  10.000  9.776  -3.793
17.800  10.000  9.962  -3.939
17.810  10.000  9.972  -4.050
17.820  10.000  9.970  -4.070
17.830  10.000  10.054  -4.172
17.840  10.000  9.990  -4.530
17.850  10.000  10.195  -4.949
17.860  10.000  10.032  -5.169
17.870  10.000  10.058  -5.043
17.880  10.000  9.890  -4.757
17.890  10.000  10.090  -4.565
17.900  10.000  10.102  -4.550
17.910  10.000  9.819  -4.672
17.920  10.000  9.812  -4.612
17.930  10.000  9.727  -4.339
17.940  10.000  9.931  -3.951
17.950  10.000  9.839  -3.572
17.960  10.000  10.048  -3.364
17.970  10.000  9.895  -3.117
17.980  10.000  10.005  -2.710
17.990  10.000  9.835  -2.121
18.000  10.000  10.038  -1.489
18.010  10.000  10.045  -0.986
18.020  10.000  10.003  -0.483
18.030  10.000  10.095  -0.007
18.040  10.000  10.001  0.416
18.050  10.000  10.052  0.731
18.060  10.000  9.948  1.008
18.070  10.000  9.963  1.448
18.080  10.000  10.032  1.790
18.090  10.000  10.133  1.850
18.100  10.000  10.164  1.926
18.110  10.000  10.084  2.025
18.120  10.000  10.083  2.073
18.130  10.000  10.148  2.198
18.140  10.000  9.942  2.293
18.150  10.000  10.127  2.279
18.160  10.000  10.038  2.212
18.170  10.000  10.136  2.134
18.180  10.000  10.114  2.142
18.190  10.000  10.024  2.132
18.200  10.000  9.811  2.001
18.210  10.000  10.047  1.865
18.220  10.000  10.016  1.811
18.230  10.000  10.029  1.945
18.240  10.000  9.729  2.286
18.250  10.000  10.176  2.339
18.260  10.000  9.964  1.984
18.270  10.000  9.983  1.668
18.280  10.000  9.813  1.430
18.290  10.000  9.879  1.275
18.300  10.000  10.033  1.243
18.310  10.000  10.040  1.200
18.320  10.000  9.951  1.204
18.330  10.000  9.949  1.320
18.340  10.000  9.868  1.394
18.350  10.000  10.041  1.449
18.360  10.000  10.055  1.620
18.370  11.500  10.025  1.829
18.380  13.000  10.528  2.147
18.390  14.500  10.965  2.869
18.400  16.000  11.992  4.540
18.410  17.500  13.932  7.654
18.420  19.000  16.660  12.209
18.430  20.500  19.880  18.047
18.440  22.000  21.866  25.015
18.450  23.500  22.871  32.778
18.460  25.000  23.813  41.138
18.470  25.000  25.600  49.097
18.480  25.000  25.416  57.349
18.490  25.000  26.169  66.164
18.500  25.000  25.330  74.219
18.510  25.000  25.502  81.678
18.520  25.000  24.868  89.007
18.530  25.000  23.402  96.688
18.540  25.000  24.948  104.540
18.550  25.000  25.008  112.580
18.560  25.000  25.607  120.522
18.570  25.000  25.773  128.508
18.580  25.000  25.353  136.569
18.590  25.000  24.708  144.021
18.600  25.000  24.052  151.415
18.610  25.000  25.091  158.816
18.620  25.000  25.379  166.345
18.630  25.000  26.437  173.710
18.640  25.000  25.422  180.495
18.650  25.000  23.632  187.105
18.660  25.000  23.408  193.821
18.670  25.000  25.766  200.735
18.680  25.000  26.738  207.987
18.690  25.000  25.401  215.219
18.700  25.000  25.048  222.094
18.710  25.000  23.682  228.922
18.720  25.000  23.764  235.499
18.730  25.000  25.688  242.132
18.740  25.000  26.157  249.261
18.750  25.000  25.517  256.447
18.760  25.000  24.272  263.096
18.770  25.000  23.780  269.639
18.780  25.000  25.459  276.422
18.790  25.000  26.433  283.111
18.800  25.000  25.911  289.564
18.810  25.000  24.071  295.739
18.820  25.000  23.819  301.739
18.830  25.000  24.788  307.955
18.840  25.000  26.357  314.222
18.850  25.000  25.508  320.405
18.860  25.000  24.991  326.602
18.870  25.000  23.960  332.584
18.880  25.000  25.290  338.567
18.890  25.000  25.454  344.648
18.900  25.000  24.960  350.577
18.910  25.000  24.885  356.676
18.920  25.000  25.647  362.665
18.930  25.000  24.502  368.414
18.940  25.000  25.183  374.105
18.950  25.000  24.976  379.792
18.960  25.000  25.468  385.573
18.970  25.000  25.008  391.282
18.980  25.000  25.283  396.546
18.990  25.000  25.468  401.410
19.000  25.000  25.036  406.200
19.010  25.000  24.401  411.179
19.020  25.000  24.505  416.387
19.030  25.000  25.477  421.601
19.040  25.000  25.301  427.197
19.050  25.000  25.076  432.676
19.060  25.000  24.869  437.655
19.070  25.000  25.198  442.566
19.080  25.000  25.264  447.365
19.090  25.000  25.152  452.034
19.100  25.000  25.110  456.701
19.110  25.000  25.180  461.283
19.120  25.000  25.974  465.656
19.130  25.000  26.184  469.886
19.140  25.000  24.246  474.374
19.150  25.000  23.493  479.069
19.160  25.000  24.093  483.713
19.170  25.000  25.752  488.556
19.180  25.000  26.455  493.387
19.190  25.000  25.784  498.109
19.200  25.000  24.346  502.771
19.210  25.000  24.357  507.113
19.220  25.000  24.709  511.323
19.230  25.000  25.312  515.680
19.240  25.000  25.561  519.811
19.250  25.000  25.521  523.646
19.260  25.000  24.956  527.783
19.270  25.000  25.501  531.853
19.280  25.000  25.178  535.725
19.290  25.000  24.888  539.465
19.300  25.000  24.952  542.949
19.310  25.000  25.505  546.437
19.320  25.000  24.960  550.014
19.330  25.000  24.494  553.702
19.340  25.000  24.874  557.278
19.350  25.000  25.370  560.970
19.360  25.000  25.082  564.867
19.370  10.000  25.098  568.509
19.380  10.000  24.588  571.524
19.390  10.000  21.926  573.030
19.400  10.000  19.482  572.271
19.410  10.000  15.339  567.238
19.420  10.000  11.792  559.231
19.430  10.000  11.290  552.258
19.440  10.000  10.853  545.389
19.450  10.000  10.552  537.752
19.460  10.000  10.141  530.813
19.470  10.000  10.003  523.718
19.480  10.000  9.671  516.870
19.490  10.000  10.066  511.017
19.500  10.000  9.629  504.390
19.510  10.000  9.683  497.935
19.520  10.000  9.710  492.286
19.530  10.000  10.003  486.489
19.540  10.000  10.037  479.864
19.550  10.000  9.982  473.227
19.560  10.000  9.919  466.855
19.570  10.000  9.863  459.599
19.580  10.000  9.648  451.939
19.590  10.000  9.483  445.383
19.600  10.000  9.492  438.919
19.610  10.000  9.686  432.147
19.620  10.000  9.733  426.312
19.630  10.000  9.672  420.537
19.640  10.000  9.494  414.745
19.650  10.000  9.590  408.337
19.660  10.000  9.329  401.145
19.670  10.000  9.826  394.235
19.680  10.000  9.940  388.209
19.690  10.000  9.653  382.755
19.700  10.000  9.753  376.555
19.710  10.000  9.861  370.507
19.720  10.000  9.704  364.865
19.730  10.000  9.574  359.108
19.740  10.000  9.552  353.912
19.750  10.000  9.501  348.341
19.760  10.000  9.454  342.063
19.770  10.000  9.550  335.691
19.780  10.000  9.561  330.094
19.790  10.000  9.746  325.308
19.800  10.000  9.707  320.443
19.810  10.000  9.586  315.732
19.820  10.000  9.763  310.957
19.830  10.000  9.776  305.373
19.840  10.000  10.075  299.811
19.850  10.000  9.976  294.704
19.860  10.000  9.788  289.846
19.870  10.000  9.721  284.319
19.880  10.000  9.898  278.086
19.890  10.000  9.926  272.957
19.900  10.000  9.714  268.219
19.910  10.000  9.794  263.235
19.920  10.000  9.674  258.323
19.930  10.000  9.680  252.951
19.940  10.000  9.517  247.233
19.950  10.000  9.674  242.228
19.960  10.000  9.508  237.978
19.970  10.000  9.317  233.544
19.980  10.000  9.409  229.052
19.990  10.000  9.703  224.656
20.000  10.000  9.752  220.257
20.010  10.000  9.638  215.947
20.020  10.000  9.731  211.740
20.030  10.000  10.038  207.645
20.040  10.000  9.908  203.322
20.050  10.000  9.878  198.939
20.060  10.000  9.802  194.943
20.070  10.000  9.815  191.190
20.080  10.000  9.800  187.578
20.090  10.000  9.892  183.912
20.100  10.000  9.927  180.033
20.110  10.000  9.887  176.160
20.120  10.000  9.763  172.522
20.130  10.000  9.950  168.956
20.140  10.000  9.892  165.290
20.150  10.000  9.865  161.766
20.160  10.000  9.797  158.404
20.170  10.000  9.767  154.872
20.180  10.000  9.954  151.400
20.190  10.000  9.878  148.175
20.200  10.000  9.852  144.806
20.210  10.000  9.874  141.386
20.220  10.000  9.814  137.928
20.230  10.000  9.754  134.343
20.240  10.000  9.460  130.849
20.250  10.000  9.567  127.143
20.260  10.000  9.487  123.534
20.270  10.000  9.572  119.912
20.280  10.000  9.636  116.281
20.290  10.000  9.646  113.003
20.300  10.000  9.769  109.951
20.310  10.000  9.924  106.986
20.320  10.000  9.855  104.289
20.330  10.000  9.925  101.848
20.340  10.000  9.898  99.230
20.350  10.000  10.007  96.573
20.360  10.000  9.940  93.990
20.370  10.000  9.936  91.582
20.380  10.000  10.222  89.126
20.390  10.000  10.056  86.467
20.400  10.000  9.817  83.677
20.410  10.000  9.884  80.871
20.420  10.000  9.780  78.335
20.430  10.000  9.934  75.972
20.440  10.000  10.070  73.515
20.450  10.000  10.017  71.035
20.460  10.000  9.804  68.581
20.470  10.000  9.817  66.222
20.480  10.000  10.113  63.891
20.490  10.000  9.838  61.523
20.500  10.000  9.958  59.295
20.510  10.000  10.002  57.174
20.520  10.000  9.871  55.080
20.530  10.000  9.865  52.952
20.540  10.000  9.997  50.879
20.550  10.000  9.944  49.075
20.560  10.000  9.989  47.188
20.570  10.000  10.084  45.189
20.580  10.000  9.886  43.358
20.590  10.000  9.784  41.544
20.600  10.000  9.937  39.851
20.610  10.000  10.089  38.209
20.620  10.000  9.913  36.458
20.630  10.000  10.027  34.891
20.640  10.000  9.981  33.566
20.650  10.000  9.916  32.195
20.660  10.000  9.983  30.713
20.670  10.000  10.082  29.229
20.680  10.000  9.825  27.746
20.690  10.000  9.880  26.363
20.700  10.000  9.945  25.027
20.710  10.000  9.864  23.586
20.720  10.000  9.888  22.180
20.730  10.000  10.034  20.922
20.740  10.000  10.092  19.664
20.750  10.000  9.795  18.489
20.760  10.000  10.004  17.358
20.770  10.000  10.009  15.972
20.780  10.000  9.825  14.604
20.790  10.000  10.017  13.319
20.800  10.000  9.806  12.053
20.810  10.000  9.987  10.852
20.820  10.000  9.932  9.746
20.830  10.000  9.815  8.824
20.840  10.000  9.837  7.781
20.850  10.000  9.828  6.636
20.860  10.000  9.827  5.567
20.870  10.000  9.877  4.535
20.880  10.000  9.726  3.493
20.890  10.000  9.839  2.347
20.900  10.000  9.733  1.198
20.910  10.000  9.639  0.155
20.920  10.000  9.705  -0.838
20.930  10.000  9.575  -1.891
20.940  10.000  9.887  -2.933
20.950  10.000  9.843  -3.615
20.960  10.000  9.985  -3.897
20.970  10.000  9.752  -3.987
20.980  10.000  10.019  -3.933
20.990  10.000  9.948  -4.126
21.000  10.000  10.113  -4.580
21.010  10.000  9.758  -4.915
21.020  10.000  9.927  -5.060
21.030  10.000  9.969  -5.062
21.040  10.000  9.927  -5.003
21.050  10.000  10.187  -4.904
21.060  10.000  9.808  -4.869
21.070  10.000  10.084  -4.857
21.080  10.000  9.888  -4.833
21.090  10.000  10.048  -4.800
21.100  10.000  10.051  -4.812
21.110  10.000  9.981  -4.823
21.120  10.000  9.920  -4.669
21.130  10.000  10.127  -4.532
21.140  10.000  10.062  -4.553
21.150  10.000  9.982  -4.618
21.160  10.000  10.055  -4.799
21.170  10.000  10.143  -5.112
21.180  10.000  9.890  -5.312
21.190  10.000  10.039  -5.483
21.200  10.000  9.942  -5.851
21.210  10.000  10.093  -6.299
21.220  10.000  9.869  -6.528
21.230  10.000  10.089  -6.528
21.240  10.000  9.775  -6.567
21.250  10.000  10.028  -6.475
21.260  10.000  10.081  -6.287
21.270  10.000  10.279  -6.388
21.280  10.000  9.988  -6.669
21.290  10.000  9.982  -6.948
21.300  10.000  9.897  -7.254
21.310  10.000  9.912  -7.602
21.320  10.000  9.980  -7.908
21.330  10.000  9.789  -8.062
21.340  10.000  10.118  -8.033
21.350  10.000  9.997  -7.943
21.360  10.000  10.007  -7.937
21.370  10.000  9.951  -8.118
21.380  10.000  9.874  -8.266
21.390  10.000  9.945  -8.221
21.400  10.000  10.111  -8.256
21.410  10.000  10.100  -8.293
21.420  10.000  9.924  -8.128
21.430  10.000  10.032  -7.900
21.440  10.000  9.971  -7.906
21.450  10.000  10.049  -8.050
21.460  10.000  9.778  -8.172
21.470  10.000  9.998  -8.322
21.480  10.000  10.023  -8.345
21.490  10.000  10.025  -8.136
21.500  10.000  9.961  -7.940
21.510  10.000  9.959  -7.831
21.520  10.000  10.078  -7.670
21.530  10.000  10.034  -7.522
21.540  10.000  10.134  -7.401
21.550  10.000  9.869  -7.317
21.560  10.000  9.994  -7.141
21.570  10.000  9.892  -6.808
21.580  10.000  10.243  -6.706
21.590  10.000  9.833  -6.772
21.600  10.000  10.074  -6.678
21.610  10.000  9.923  -6.595
21.620  10.000  10.113  -6.692
21.630  10.000  10.006  -6.837
21.640  10.000  10.033  -6.796
21.650  10.000  10.153  -6.720
21.660  10.000  9.949  -6.723
21.670  10.000  10.141  -6.871
21.680  10.000  10.097  -7.183
21.690  10.000  10.063  -7.379
21.700  10.000  9.983  -7.558
21.710  10.000  9.972  -7.670
21.720  10.000  9.886  -7.630
