# covent_pc_4
# Captured 2020-06-18 14:19:24.418758 by unknown user
# Built at revision 65ecf17 (dirty)
time(sec)  pc_setpoint  pressure  volume
0.000  10.000  10.110  -6.407
0.010  10.000  9.931  -6.467
0.020  10.000  10.067  -6.498
0.030  10.000  9.871  -6.593
0.040  10.000  10.214  -6.759
0.050  10.000  9.978  -6.984
0.060  10.000  10.118  -7.209
0.070  10.000  10.046  -7.317
0.080  10.000  9.728  -7.536
0.090  10.000  9.957  -7.980
0.100  10.000  9.895  -8.305
0.110  10.000  10.062  -8.364
0.120  10.000  9.933  -8.461
0.130  10.000  10.078  -8.625
0.140  10.000  9.865  -8.574
0.150  10.000  9.975  -8.495
0.160  10.000  9.764  -8.548
0.170  10.000  9.976  -8.652
0.180  10.000  9.930  -8.655
0.190  10.000  9.922  -8.501
0.200  10.000  10.119  -8.301
0.210  10.000  9.899  -7.996
0.220  10.000  9.986  -7.719
0.230  10.000  9.970  -7.447
0.240  10.000  10.087  -7.104
0.250  10.000  10.046  -6.884
0.260  10.000  10.007  -6.757
0.270  10.000  10.195  -6.654
0.280  10.000  10.149  -6.564
0.290  10.000  10.062  -6.614
0.300  10.000  10.063  -6.881
0.310  10.000  10.031  -7.090
0.320  10.000  10.009  -7.145
0.330  10.000  9.886  -7.135
0.340  10.000  10.105  -7.098
0.350  10.000  10.142  -7.154
0.360  10.000  9.940  -7.344
0.370  10.000  9.971  -7.484
0.380  10.000  9.945  -7.481
0.390  10.000  9.991  -7.572
0.400  10.000  9.899  -7.773
0.410  10.000  10.108  -8.079
0.420  10.000  9.775  -8.321
0.430  10.000  10.012  -8.347
0.440  10.000  10.011  -8.437
0.450  10.000  9.800  -8.498
0.460  10.000  9.940  -8.315
0.470  10.000  9.977  -8.083
0.480  10.000  10.207  -8.055
0.490  12.500  9.892  -8.090
0.500  15.000  10.160  -7.731
0.510  17.500  11.538  -6.649
0.520  20.000  14.169  -4.044
0.530  22.500  16.909  0.707
0.540  25.000  21.230  6.672
0.550  27.500  23.232  13.519
0.560  30.000  25.732  21.207
0.570  32.500  27.262  29.687
0.580  35.000  27.987  38.566
0.590  35.000  28.296  46.789
0.600  35.000  28.354  54.486
0.610  35.000  28.714  62.316
0.620  35.000  28.734  70.350
0.630  35.000  28.544  78.491
0.640  35.000  28.742  86.654
0.650  35.000  29.123  94.634
0.660  35.000  29.287  102.773
0.670  35.000  29.737  110.936
0.680  35.000  29.743  118.814
0.690  35.000  29.575  127.167
0.700  35.000  30.113  135.272
0.710  35.000  30.136  142.735
0.720  35.000  30.805  150.367
0.730  35.000  30.874  157.374
0.740  35.000  31.559  163.862
0.750  35.000  30.809  171.400
0.760  35.000  31.346  179.388
0.770  35.000  32.096  186.839
0.780  35.000  31.945  193.656
0.790  35.000  32.466  199.972
0.800  35.000  32.263  206.450
0.810  35.000  32.558  212.972
0.820  35.000  32.545  219.602
0.830  35.000  32.697  226.844
0.840  35.000  32.625  234.275
0.850  35.000  33.011  240.988
0.860  35.000  33.414  247.769
0.870  35.000  33.195  255.093
0.880  35.000  33.744  261.858
0.890  35.000  34.197  268.208
0.900  35.000  33.774  274.651
0.910  35.000  34.156  281.277
0.920  35.000  34.883  287.795
0.930  35.000  34.775  294.175
0.940  35.000  35.528  300.167
0.950  35.000  35.199  305.836
0.960  35.000  35.368  311.518
0.970  35.000  35.258  316.871
0.980  35.000  35.605  322.205
0.990  35.000  36.008  327.463
1.000  35.000  36.197  332.831
1.010  35.000  35.864  337.953
1.020  35.000  35.292  342.587
1.030  35.000  35.226  347.238
1.040  35.000  35.298  351.894
1.050  35.000  35.391  356.453
1.060  35.000  35.157  360.586
1.070  35.000  35.221  364.419
1.080  35.000  34.717  368.507
1.090  35.000  35.237  372.303
1.100  35.000  34.202  375.963
1.110  35.000  34.783  379.590
1.120  35.000  35.162  383.115
1.130  35.000  35.464  386.806
1.140  35.000  34.749  390.479
1.150  35.000  35.456  394.298
1.160  35.000  34.956  398.090
1.170  35.000  35.549  401.274
1.180  35.000  35.353  404.176
1.190  35.000  35.290  407.219
1.200  35.000  35.465  409.987
1.210  35.000  34.993  412.763
1.220  35.000  35.741  415.463
1.230  35.000  35.219  417.890
1.240  35.000  35.187  420.109
1.250  35.000  35.265  422.048
1.260  35.000  35.463  423.977
1.270  35.000  35.208  425.994
1.280  35.000  35.311  427.723
1.290  35.000  35.181  429.424
1.300  35.000  35.585  431.317
1.310  35.000  35.148  432.868
1.320  35.000  35.004  433.995
1.330  35.000  35.271  434.836
1.340  35.000  34.970  435.731
1.350  35.000  35.096  436.646
1.360  35.000  35.492  437.331
1.370  35.000  35.247  437.855
1.380  35.000  34.941  438.362
1.390  35.000  35.065  438.981
1.400  35.000  34.590  439.737
1.410  35.000  35.519  440.407
1.420  35.000  34.618  441.143
1.430  35.000  35.593  441.806
1.440  35.000  35.370  442.217
1.450  35.000  34.414  442.612
1.460  35.000  35.462  442.788
1.470  35.000  34.889  442.933
1.480  35.000  35.057  443.270
1.490  10.000  34.747  443.643
1.500  10.000  34.101  443.629
1.510  10.000  31.185  441.966
1.520  10.000  25.825  436.808
1.530  10.000  19.371  428.967
1.540  10.000  17.246  420.028
1.550  10.000  16.866  411.230
1.560  10.000  16.687  402.721
1.570  10.000  16.341  394.081
1.580  10.000  16.077  385.985
1.590  10.000  15.870  378.135
1.600  10.000  15.625  370.139
1.610  10.000  15.066  362.176
1.620  10.000  15.040  354.394
1.630  10.000  14.888  346.513
1.640  10.000  14.478  338.749
1.650  10.000  14.460  331.319
1.660  10.000  14.087  323.591
1.670  10.000  13.872  315.611
1.680  10.000  13.650  308.096
1.690  10.000  13.368  300.757
1.700  10.000  13.099  293.579
1.710  10.000  12.940  285.962
1.720  10.000  12.822  278.220
1.730  10.000  12.422  270.540
1.740  10.000  12.421  263.103
1.750  10.000  11.996  255.714
1.760  10.000  11.934  248.141
1.770  10.000  11.671  241.405
1.780  10.000  11.524  234.458
1.790  10.000  11.387  226.780
1.800  10.000  11.100  219.200
1.810  10.000  10.939  211.926
1.820  10.000  10.887  204.920
1.830  10.000  10.631  198.062
1.840  10.000  10.377  191.362
1.850  10.000  10.170  184.847
1.860  10.000  10.059  178.350
1.870  10.000  9.740  171.579
1.880  10.000  9.640  165.030
1.890  10.000  9.634  158.687
1.900  10.000  9.436  152.275
1.910  10.000  9.275  146.112
1.920  10.000  9.266  140.204
1.930  10.000  9.189  134.486
1.940  10.000  9.013  128.801
1.950  10.000  9.033  122.944
1.960  10.000  9.137  117.094
1.970  10.000  9.236  111.904
1.980  10.000  9.179  106.919
1.990  10.000  8.999  101.908
2.000  10.000  8.857  96.833
2.010  10.000  8.991  91.807
2.020  10.000  9.274  87.212
2.030  10.000  9.317  82.703
2.040  10.000  9.179  77.949
2.050  10.000  9.023  73.363
2.060  10.000  9.099  69.008
2.070  10.000  9.105  64.635
2.080  10.000  9.269  60.482
2.090  10.000  9.516  56.693
2.100  10.000  9.616  52.966
2.110  10.000  9.490  49.198
2.120  10.000  9.464  45.792
2.130  10.000  9.516  42.716
2.140  10.000  9.346  39.738
2.150  10.000  9.211  36.614
2.160  10.000  9.178  33.506
2.170  10.000  9.235  30.793
2.180  10.000  9.463  28.263
2.190  10.000  9.966  25.934
2.200  10.000  9.956  23.731
2.210  10.000  9.738  21.581
2.220  10.000  9.804  19.785
2.230  10.000  9.989  18.210
2.240  10.000  9.825  16.551
2.250  10.000  9.699  14.915
2.260  10.000  9.818  13.480
2.270  10.000  9.847  12.324
2.280  10.000  9.817  11.352
2.290  10.000  9.823  10.312
2.300  10.000  9.889  9.313
2.310  10.000  9.930  8.413
2.320  10.000  9.687  7.479
2.330  10.000  9.663  6.503
2.340  10.000  9.731  5.461
2.350  10.000  9.625  4.479
2.360  10.000  9.525  3.707
2.370  10.000  9.528  2.892
2.380  10.000  9.478  2.101
2.390  10.000  9.660  1.566
2.400  10.000  9.863  1.212
2.410  10.000  9.923  1.064
2.420  10.000  9.955  1.064
2.430  10.000  9.837  1.129
2.440  10.000  9.866  1.059
2.450  10.000  9.748  1.074
2.460  10.000  9.868  1.462
2.470  10.000  9.757  2.034
2.480  10.000  9.860  2.679
2.490  10.000  9.952  3.507
2.500  10.000  10.075  4.370
2.510  10.000  10.024  5.131
2.520  10.000  10.216  5.966
2.530  10.000  10.191  6.723
2.540  10.000  10.094  7.329
2.550  10.000  10.388  7.692
2.560  10.000  9.991  7.889
2.570  10.000  10.047  8.095
2.580  10.000  10.109  8.134
2.590  10.000  10.133  8.093
2.600  10.000  10.097  8.184
2.610  10.000  10.006  8.341
2.620  10.000  10.053  8.270
2.630  10.000  10.056  7.888
2.640  10.000  9.968  7.473
2.650  10.000  10.001  7.242
2.660  10.000  9.896  7.080
2.670  10.000  10.043  6.834
2.680  10.000  10.089  6.591
2.690  10.000  9.920  6.475
2.700  10.000  10.059  6.416
2.710  10.000  10.041  6.200
2.720  10.000  9.824  5.953
2.730  10.000  10.197  5.660
2.740  10.000  9.901  5.215
2.750  10.000  9.986  4.884
2.760  10.000  9.892  4.629
2.770  10.000  9.933  4.255
2.780  10.000  9.886  3.822
2.790  10.000  10.070  3.673
2.800  10.000  9.822  3.787
2.810  10.000  10.117  3.812
2.820  10.000  9.949  3.695
2.830  10.000  10.036  3.537
2.840  10.000  9.844  3.456
2.850  10.000  9.958  3.521
2.860  10.000  10.078  3.564
2.870  10.000  9.898  3.717
2.880  10.000  10.203  3.988
2.890  10.000  9.855  4.061
2.900  10.000  9.928  4.176
2.910  10.000  9.780  4.528
2.920  10.000  9.971  4.846
2.930  10.000  10.039  5.176
2.940  10.000  10.093  5.665
2.950  10.000  9.939  6.185
2.960  10.000  10.073  6.650
2.970  10.000  10.114  6.875
2.980  10.000  10.088  7.020
2.990  10.000  10.023  7.212
3.000  10.000  10.183  7.400
3.010  10.000  9.968  7.431
3.020  10.000  10.225  7.191
3.030  10.000  9.965  6.917
3.040  10.000  10.147  6.593
3.050  10.000  9.959  6.107
3.060  10.000  10.055  5.593
3.070  10.000  9.842  5.152
3.080  10.000  10.078  4.809
3.090  10.000  9.890  4.541
3.100  10.000  10.025  4.243
3.110  10.000  9.671  4.062
3.120  10.000  10.039  4.058
3.130  10.000  9.947  4.024
3.140  10.000  9.816  4.103
3.150  10.000  10.031  4.338
3.160  10.000  9.894  4.515
3.170  10.000  10.032  4.659
3.180  10.000  9.756  4.893
3.190  10.000  9.943  5.305
3.200  10.000  10.015  5.812
3.210  10.000  9.892  6.336
3.220  10.000  10.091  6.789
3.230  10.000  10.043  7.067
3.240  10.000  10.079  7.360
3.250  10.000  9.999  7.773
3.260  10.000  10.119  8.239
3.270  10.000  10.023  8.661
3.280  10.000  10.401  8.823
3.290  10.000  10.004  8.896
3.300  10.000  9.964  9.015
3.310  10.000  10.015  8.998
3.320  10.000  10.026  8.853
3.330  10.000  10.145  8.753
3.340  10.000  9.977  8.734
3.350  10.000  9.943  8.775
3.360  10.000  9.836  8.954
3.370  10.000  9.895  9.102
3.380  10.000  10.092  8.974
3.390  10.000  9.954  8.778
3.400  10.000  9.928  8.775
3.410  10.000  10.101  8.990
3.420  10.000  9.917  9.325
3.430  10.000  10.106  9.543
3.440  10.000  10.068  9.402
3.450  10.000  9.895  9.136
3.460  10.000  9.933  9.207
3.470  10.000  9.884  9.414
3.480  10.000  10.177  9.361
3.490  10.000  9.946  9.207
3.500  12.500  10.032  9.057
3.510  15.000  10.540  9.221
3.520  17.500  11.368  10.161
3.530  20.000  13.904  12.358
3.540  22.500  17.179  16.393
3.550  25.000  20.406  22.330
3.560  27.500  22.798  29.907
3.570  30.000  25.614  38.678
3.580  32.500  26.949  47.716
3.590  35.000  27.913  56.037
3.600  35.000  28.110  63.990
3.610  35.000  28.375  72.052
3.620  35.000  28.599  79.889
3.630  35.000  28.537  87.692
3.640  35.000  28.726  95.789
3.650  35.000  29.630  103.587
3.660  35.000  29.507  111.396
3.670  35.000  29.090  119.157
3.680  35.000  29.103  126.709
3.690  35.000  29.973  134.095
3.700  35.000  29.845  141.456
3.710  35.000  30.314  149.099
3.720  35.000  30.301  156.658
3.730  35.000  30.795  164.296
3.740  35.000  30.755  171.636
3.750  35.000  30.808  178.525
3.760  35.000  31.538  185.072
3.770  35.000  31.269  191.685
3.780  35.000  32.063  198.433
3.790  35.000  31.793  205.414
3.800  35.000  32.432  212.378
3.810  35.000  32.310  219.244
3.820  35.000  32.720  226.238
3.830  35.000  32.740  233.045
3.840  35.000  32.485  240.083
3.850  35.000  32.703  247.194
3.860  35.000  33.387  253.768
3.870  35.000  33.501  260.003
3.880  35.000  33.566  266.407
3.890  35.000  34.141  272.333
3.900  35.000  34.097  278.120
3.910  35.000  34.547  284.245
3.920  35.000  34.829  290.010
3.930  35.000  35.002  295.635
3.940  35.000  34.657  301.230
3.950  35.000  35.335  306.828
3.960  35.000  35.197  312.955
3.970  35.000  35.473  318.993
3.980  35.000  35.428  324.269
3.990  35.000  35.671  329.402
4.000  35.000  35.917  334.912
4.010  35.000  36.331  340.368
4.020  35.000  35.373  345.774
4.030  35.000  35.661  351.061
4.040  35.000  35.498  355.773
4.050  35.000  34.581  360.458
4.060  35.000  35.595  365.257
4.070  35.000  34.819  369.988
4.080  35.000  35.496  374.381
4.090  35.000  34.540  378.503
4.100  35.000  35.178  382.523
4.110  35.000  34.619  386.302
4.120  35.000  34.987  389.672
4.130  35.000  34.988  392.846
4.140  35.000  35.636  395.997
4.150  35.000  34.851  399.122
4.160  35.000  35.257  402.433
4.170  35.000  35.060  405.650
4.180  35.000  35.602  408.508
4.190  35.000  35.019  411.346
4.200  35.000  35.187  414.431
4.210  35.000  35.373  417.626
4.220  35.000  35.366  420.822
4.230  35.000  35.631  423.499
4.240  35.000  35.377  425.773
4.250  35.000  35.464  427.985
4.260  35.000  35.267  429.884
4.270  35.000  35.117  431.468
4.280  35.000  35.511  432.850
4.290  35.000  35.281  434.371
4.300  35.000  35.034  436.034
4.310  35.000  35.112  437.554
4.320  35.000  35.325  438.887
4.330  35.000  35.200  439.881
4.340  35.000  35.385  440.500
4.350  35.000  35.233  440.964
4.360  35.000  35.506  441.495
4.370  35.000  34.751  441.978
4.380  35.000  35.493  442.407
4.390  35.000  34.684  442.887
4.400  35.000  35.236  443.405
4.410  35.000  34.680  444.031
4.420  35.000  35.111  444.623
4.430  35.000  34.883  445.101
4.440  35.000  35.060  445.639
4.450  35.000  35.200  446.256
4.460  35.000  34.567  446.975
4.470  35.000  35.431  447.629
4.480  35.000  35.075  448.018
4.490  35.000  35.009  448.445
4.500  10.000  34.970  448.945
4.510  10.000  34.254  449.136
4.520  10.000  31.423  447.817
4.530  10.000  26.374  442.803
4.540  10.000  19.311  434.789
4.550  10.000  17.015  425.836
4.560  10.000  16.769  416.971
4.570  10.000  16.418  408.083
4.580  10.000  16.238  399.220
4.590  10.000  16.045  391.015
4.600  10.000  15.859  382.827
4.610  10.000  15.552  374.712
4.620  10.000  15.159  366.317
4.630  10.000  14.910  358.034
4.640  10.000  14.738  349.642
4.650  10.000  14.436  340.863
4.660  10.000  14.103  332.812
4.670  10.000  14.079  325.261
4.680  10.000  13.844  317.784
4.690  10.000  13.598  310.343
4.700  10.000  13.391  302.985
4.710  10.000  13.123  295.782
4.720  10.000  12.942  287.883
4.730  10.000  12.841  279.847
4.740  10.000  12.363  272.709
4.750  10.000  12.322  265.257
4.760  10.000  12.091  257.610
4.770  10.000  11.777  250.057
4.780  10.000  11.556  242.542
4.790  10.000  11.550  234.732
4.800  10.000  11.331  226.572
4.810  10.000  11.028  219.182
4.820  10.000  10.859  211.850
4.830  10.000  10.594  204.445
4.840  10.000  10.303  197.836
4.850  10.000  10.232  191.603
4.860  10.000  10.223  184.843
4.870  10.000  9.977  177.538
4.880  10.000  9.774  170.841
4.890  10.000  9.672  163.997
4.900  10.000  9.491  156.600
4.910  10.000  9.451  149.996
4.920  10.000  9.304  143.472
4.930  10.000  9.095  136.441
4.940  10.000  9.006  130.106
4.950  10.000  8.776  123.748
4.960  10.000  9.079  116.755
4.970  10.000  9.194  110.941
4.980  10.000  8.954  106.052
4.990  10.000  8.732  100.949
5.000  10.000  9.079  95.799
5.010  10.000  8.856  90.925
5.020  10.000  9.310  86.332
5.030  10.000  9.369  81.634
5.040  10.000  9.233  76.440
5.050  10.000  8.936  71.572
5.060  10.000  9.147  66.589
5.070  10.000  8.891  61.871
5.080  10.000  9.286  57.931
5.090  10.000  9.558  54.210
5.100  10.000  9.586  50.679
5.110  10.000  9.353  47.201
5.120  10.000  9.562  43.827
5.130  10.000  9.441  40.438
5.140  10.000  9.485  37.223
5.150  10.000  9.262  33.994
5.160  10.000  9.190  30.841
5.170  10.000  9.241  27.954
5.180  10.000  9.736  25.357
5.190  10.000  10.037  22.964
5.200  10.000  9.849  20.836
5.210  10.000  9.926  18.743
5.220  10.000  9.804  16.827
5.230  10.000  10.019  14.994
5.240  10.000  9.781  13.140
5.250  10.000  9.827  11.613
5.260  10.000  9.864  10.209
5.270  10.000  9.873  8.727
5.280  10.000  9.874  7.209
5.290  10.000  9.961  5.575
5.300  10.000  9.871  3.998
5.310  10.000  9.903  2.614
5.320  10.000  9.973  1.291
5.330  10.000  9.969  -0.007
5.340  10.000  9.873  -1.220
5.350  10.000  9.776  -2.203
5.360  10.000  9.832  -3.186
5.370  10.000  9.808  -4.272
5.380  10.000  9.696  -5.208
5.390  10.000  9.611  -6.272
5.400  10.000  9.550  -7.549
5.410  10.000  9.544  -8.746
5.420  10.000  9.530  -9.871
5.430  10.000  9.479  -10.769
5.440  10.000  9.563  -11.230
5.450  10.000  9.881  -11.419
5.460  10.000  9.878  -11.409
5.470  10.000  9.738  -11.257
5.480  10.000  9.739  -11.096
5.490  10.000  9.832  -10.889
5.500  10.000  9.912  -10.533
5.510  10.000  9.848  -9.949
5.520  10.000  9.929  -9.146
5.530  10.000  10.064  -8.388
5.540  10.000  10.042  -7.733
5.550  10.000  10.139  -7.150
5.560  10.000  10.164  -6.668
5.570  10.000  10.389  -6.171
5.580  10.000  9.871  -5.748
5.590  10.000  10.106  -5.501
5.600  10.000  10.065  -5.419
5.610  10.000  10.223  -5.433
5.620  10.000  10.188  -5.567
5.630  10.000  10.168  -5.715
5.640  10.000  10.039  -5.732
5.650  10.000  10.109  -5.843
5.660  10.000  10.322  -6.271
5.670  10.000  10.176  -6.912
5.680  10.000  9.927  -7.679
5.690  10.000  9.978  -8.484
5.700  10.000  9.845  -9.244
5.710  10.000  9.748  -9.942
5.720  10.000  9.935  -10.435
5.730  10.000  9.749  -10.703
5.740  10.000  9.939  -10.817
5.750  10.000  9.793  -10.849
5.760  10.000  9.844  -10.933
5.770  10.000  10.085  -10.906
5.780  10.000  9.988  -10.646
5.790  10.000  9.914  -10.319
5.800  10.000  9.829  -10.029
5.810  10.000  10.093  -9.777
5.820  10.000  10.073  -9.609
5.830  10.000  10.129  -9.576
5.840  10.000  10.112  -9.598
5.850  10.000  9.983  -9.681
5.860  10.000  10.094  -9.899
5.870  10.000  9.991  -9.953
5.880  10.000  10.093  -9.982
5.890  10.000  9.884  -10.253
5.900  10.000  9.858  -10.550
5.910  10.000  10.120  -10.792
5.920  10.000  9.985  -10.803
5.930  10.000  9.999  -10.571
5.940  10.000  9.927  -10.424
5.950  10.000  9.861  -10.302
5.960  10.000  10.108  -10.190
5.970  10.000  9.948  -10.147
5.980  10.000  10.088  -9.986
5.990  10.000  10.203  -9.945
6.000  10.000  9.928  -10.178
6.010  10.000  10.146  -10.379
6.020  10.000  9.902  -10.370
6.030  10.000  10.028  -10.368
6.040  10.000  9.975  -10.388
6.050  10.000  9.831  -10.263
6.060  10.000  10.018  -10.118
6.070  10.000  10.007  -10.159
6.080  10.000  9.967  -10.335
6.090  10.000  9.975  -10.407
6.100  10.000  10.025  -10.248
6.110  10.000  9.874  -10.000
6.120  10.000  9.944  -9.834
6.130  10.000  10.029  -9.806
6.140  10.000  10.044  -9.782
6.150  10.000  9.910  -9.542
6.160  10.000  10.043  -9.243
6.170  10.000  10.036  -9.056
6.180  10.000  10.013  -8.899
6.190  10.000  10.159  -8.830
6.200  10.000  9.947  -8.834
6.210  10.000  10.138  -8.869
6.220  10.000  10.148  -9.041
6.230  10.000  10.180  -9.263
6.240  10.000  10.037  -9.592
6.250  10.000  10.031  -10.066
6.260  10.000  10.077  -10.730
6.270  10.000  10.140  -11.586
6.280  10.000  9.839  -12.334
6.290  10.000  9.969  -12.910
6.300  10.000  9.963  -13.318
6.310  10.000  9.755  -13.435
6.320  10.000  9.835  -13.513
6.330  10.000  9.945  -13.650
6.340  10.000  9.966  -13.779
6.350  10.000  9.849  -13.976
6.360  10.000  9.869  -14.099
6.370  10.000  10.078  -14.107
6.380  10.000  9.755  -13.887
6.390  10.000  9.996  -13.446
6.400  10.000  9.895  -12.950
6.410  10.000  10.009  -12.425
6.420  10.000  10.031  -11.895
6.430  10.000  10.083  -11.397
6.440  10.000  10.318  -11.138
6.450  10.000  9.990  -11.083
6.460  10.000  9.922  -11.126
6.470  10.000  10.012  -11.205
6.480  10.000  10.158  -11.086
6.490  10.000  10.201  -10.962
6.500  10.000  10.004  -10.912
6.510  12.500  9.943  -10.938
6.520  15.000  10.291  -10.823
6.530  17.500  11.317  -9.860
6.540  20.000  13.931  -7.264
6.550  22.500  17.009  -2.698
6.560  25.000  20.567  3.279
6.570  27.500  23.133  10.208
6.580  30.000  25.824  18.540
6.590  32.500  27.125  27.376
6.600  35.000  27.726  35.971
6.610  35.000  28.107  44.217
6.620  35.000  28.047  53.005
6.630  35.000  29.339  61.715
6.640  35.000  28.307  69.767
6.650  35.000  28.481  78.154
6.660  35.000  28.378  86.471
6.670  35.000  29.583  94.832
6.680  35.000  29.227  102.918
6.690  35.000  29.375  111.294
6.700  35.000  30.098  119.545
6.710  35.000  30.001  127.420
6.720  35.000  29.754  136.796
6.730  35.000  30.542  145.792
6.740  35.000  30.565  153.178
6.750  35.000  30.742  160.219
6.760  35.000  31.417  167.039
6.770  35.000  31.414  173.939
6.780  35.000  30.682  181.146
6.790  35.000  31.725  188.770
6.800  35.000  32.123  195.796
6.810  35.000  31.637  202.627
6.820  35.000  32.397  209.979
6.830  35.000  32.043  217.171
6.840  35.000  32.330  224.017
6.850  35.000  33.021  230.709
6.860  35.000  32.998  237.665
6.870  35.000  33.643  244.081
6.880  35.000  33.378  250.117
6.890  35.000  33.702  256.649
6.900  35.000  34.495  262.978
6.910  35.000  34.477  269.012
6.920  35.000  34.666  274.766
6.930  35.000  34.785  280.469
6.940  35.000  35.035  286.632
6.950  35.000  34.619  292.981
6.960  35.000  35.085  299.393
6.970  35.000  35.039  305.799
6.980  35.000  35.904  311.677
6.990  35.000  35.355  317.484
7.000  35.000  35.577  323.433
7.010  35.000  35.199  329.478
7.020  35.000  35.861  335.184
7.030  35.000  36.278  340.612
7.040  35.000  36.111  346.050
7.050  35.000  35.157  351.101
7.060  35.000  34.859  356.221
7.070  35.000  35.685  361.326
7.080  35.000  34.759  366.116
7.090  35.000  35.816  370.527
7.100  35.000  34.807  374.690
7.110  35.000  35.068  378.859
7.120  35.000  34.830  382.974
7.130  35.000  35.252  386.777
7.140  35.000  34.977  390.268
7.150  35.000  34.764  393.758
7.160  35.000  35.031  396.978
7.170  35.000  35.027  400.116
7.180  35.000  35.281  403.441
7.190  35.000  35.372  406.621
7.200  35.000  35.238  409.846
7.210  35.000  34.918  413.017
7.220  35.000  34.755  416.006
7.230  35.000  35.304  418.920
7.240  35.000  35.019  421.942
7.250  35.000  35.427  424.730
7.260  35.000  35.571  427.329
7.270  35.000  35.860  430.038
7.280  35.000  35.958  432.366
7.290  35.000  35.339  434.240
7.300  35.000  34.908  435.933
7.310  35.000  35.283  437.542
7.320  35.000  35.567  439.041
7.330  35.000  35.104  440.400
7.340  35.000  35.042  441.320
7.350  35.000  35.447  441.966
7.360  35.000  34.938  442.718
7.370  35.000  35.288  443.416
7.380  35.000  34.755  444.203
7.390  35.000  35.334  444.907
7.400  35.000  35.082  445.420
7.410  35.000  35.249  445.936
7.420  35.000  35.011  446.419
7.430  35.000  35.180  447.096
7.440  35.000  34.537  447.944
7.450  35.000  35.853  448.611
7.460  35.000  34.366  449.005
7.470  35.000  35.434  449.465
7.480  35.000  34.422  450.025
7.490  35.000  35.808  450.408
7.500  35.000  35.117  450.659
7.510  10.000  35.405  450.899
7.520  10.000  33.886  450.817
7.530  10.000  31.282  449.206
7.540  10.000  26.062  444.320
7.550  10.000  19.436  436.444
7.560  10.000  17.355  427.358
7.570  10.000  16.682  418.684
7.580  10.000  16.628  410.719
7.590  10.000  16.250  402.807
7.600  10.000  15.970  394.162
7.610  10.000  15.822  385.080
7.620  10.000  15.549  376.675
7.630  10.000  15.033  368.991
7.640  10.000  14.847  361.029
7.650  10.000  14.700  352.849
7.660  10.000  14.310  345.053
7.670  10.000  14.274  336.857
7.680  10.000  14.029  328.702
7.690  10.000  13.845  320.665
7.700  10.000  13.549  312.409
7.710  10.000  13.231  303.977
7.720  10.000  13.133  295.484
7.730  10.000  12.895  287.126
7.740  10.000  12.778  279.414
7.750  10.000  12.507  272.427
7.760  10.000  12.283  265.281
7.770  10.000  11.973  258.037
7.780  10.000  11.754  250.646
7.790  10.000  11.614  243.467
7.800  10.000  11.548  236.801
7.810  10.000  11.232  230.383
7.820  10.000  11.105  223.537
7.830  10.000  10.944  216.554
7.840  10.000  10.739  210.052
7.850  10.000  10.547  203.567
7.860  10.000  10.326  197.184
7.870  10.000  10.190  190.788
7.880  10.000  9.987  184.501
7.890  10.000  9.826  177.920
7.900  10.000  9.555  171.348
7.910  10.000  9.486  165.405
7.920  10.000  9.436  159.160
7.930  10.000  9.250  152.906
7.940  10.000  9.085  147.137
7.950  10.000  8.799  141.021
7.960  10.000  8.798  135.000
7.970  10.000  9.113  129.837
7.980  10.000  9.159  125.185
7.990  10.000  9.048  120.304
8.000  10.000  8.928  114.291
8.010  10.000  9.011  108.403
8.020  10.000  9.027  103.882
8.030  10.000  9.381  99.736
8.040  10.000  9.249  95.130
8.050  10.000  9.110  89.770
8.060  10.000  9.109  84.662
8.070  10.000  9.081  79.426
8.080  10.000  9.108  74.295
8.090  10.000  9.302  70.216
8.100  10.000  9.527  66.127
8.110  10.000  9.632  62.169
8.120  10.000  9.575  58.855
8.130  10.000  9.471  55.880
8.140  10.000  9.413  52.779
8.150  10.000  9.201  49.354
8.160  10.000  9.226  45.932
8.170  10.000  9.096  42.940
8.180  10.000  9.236  40.327
8.190  10.000  9.583  38.104
8.200  10.000  10.069  35.962
8.210  10.000  10.107  33.746
8.220  10.000  9.914  31.635
8.230  10.000  9.877  29.600
8.240  10.000  9.854  27.583
8.250  10.000  9.858  25.616
8.260  10.000  9.805  23.770
8.270  10.000  9.995  21.903
8.280  10.000  9.960  20.072
8.290  10.000  9.774  18.520
8.300  10.000  9.761  16.976
8.310  10.000  9.814  15.438
8.320  10.000  9.974  14.239
8.330  10.000  9.831  13.173
8.340  10.000  9.907  12.096
8.350  10.000  9.843  11.082
8.360  10.000  9.853  10.050
8.370  10.000  9.751  8.896
8.380  10.000  9.733  7.724
8.390  10.000  9.767  6.568
8.400  10.000  9.701  5.360
8.410  10.000  9.685  4.047
8.420  10.000  9.607  2.861
8.430  10.000  9.379  2.108
8.440  10.000  9.493  1.606
8.450  10.000  9.771  1.213
8.460  10.000  9.604  0.875
8.470  10.000  9.809  0.671
8.480  10.000  9.820  0.754
8.490  10.000  9.605  1.085
8.500  10.000  9.899  1.576
8.510  10.000  9.966  2.158
8.520  10.000  10.190  2.637
8.530  10.000  10.112  2.993
8.540  10.000  10.046  3.460
8.550  10.000  10.155  4.006
8.560  10.000  10.093  4.462
8.570  10.000  10.082  4.878
8.580  10.000  10.177  5.222
8.590  10.000  9.910  5.543
8.600  10.000  10.032  5.849
8.610  10.000  10.042  6.032
8.620  10.000  10.140  6.062
8.630  10.000  10.159  5.987
8.640  10.000  10.104  5.873
8.650  10.000  9.942  5.745
8.660  10.000  10.174  5.524
8.670  10.000  10.005  5.176
8.680  10.000  10.082  5.157
8.690  10.000  9.993  5.224
8.700  10.000  10.073  5.094
8.710  10.000  9.784  5.010
8.720  10.000  10.029  4.760
8.730  10.000  9.861  4.515
8.740  10.000  9.861  4.541
8.750  10.000  10.018  4.659
8.760  10.000  10.066  4.533
8.770  10.000  9.896  4.329
8.780  10.000  9.855  4.310
8.790  10.000  10.010  4.328
8.800  10.000  10.133  4.314
8.810  10.000  9.977  4.385
8.820  10.000  9.923  4.579
8.830  10.000  9.949  4.779
8.840  10.000  10.132  4.974
8.850  10.000  9.852  5.153
8.860  10.000  9.950  5.306
8.870  10.000  9.995  5.494
8.880  10.000  10.014  5.646
8.890  10.000  9.896  5.734
8.900  10.000  10.116  5.965
8.910  10.000  9.842  6.312
8.920  10.000  9.903  6.672
8.930  10.000  10.124  7.132
8.940  10.000  10.199  7.468
8.950  10.000  9.914  7.501
8.960  10.000  10.081  7.611
8.970  10.000  10.103  7.840
8.980  10.000  10.098  7.901
8.990  10.000  10.194  7.706
9.000  10.000  9.962  7.641
9.010  10.000  10.280  7.663
9.020  10.000  10.073  7.374
9.030  10.000  10.086  7.003
9.040  10.000  10.026  6.711
9.050  10.000  9.886  6.450
9.060  10.000  9.914  6.196
9.070  10.000  9.831  6.007
9.080  10.000  9.779  6.007
9.090  10.000  9.815  6.099
9.100  10.000  9.829  6.236
9.110  10.000  9.920  6.490
9.120  10.000  9.849  6.744
9.130  10.000  9.977  6.941
9.140  10.000  10.034  7.200
9.150  10.000  9.790  7.543
9.160  10.000  9.860  7.992
9.170  10.000  10.196  8.364
9.180  10.000  10.074  8.618
9.190  10.000  10.019  8.964
9.200  10.000  10.227  9.200
9.210  10.000  10.068  9.359
9.220  10.000  10.141  9.723
9.230  10.000  9.772  10.187
9.240  10.000  10.026  10.663
9.250  10.000  10.074  11.009
9.260  10.000  10.356  11.062
9.270  10.000  9.948  11.055
9.280  10.000  10.125  11.127
9.290  10.000  9.858  11.188
9.300  10.000  10.126  11.200
9.310  10.000  10.005  11.183
9.320  10.000  9.906  11.329
9.330  10.000  10.096  11.489
9.340  10.000  9.938  11.507
9.350  10.000  10.114  11.479
9.360  10.000  10.118  11.413
9.370  10.000  10.025  11.254
9.380  10.000  9.955  11.010
9.390  10.000  9.919  10.782
9.400  10.000  10.120  10.489
9.410  10.000  9.930  10.248
9.420  10.000  10.033  9.984
9.430  10.000  9.747  9.491
9.440  10.000  9.865  9.106
9.450  10.000  9.921  9.105
9.460  10.000  9.863  9.202
9.470  10.000  10.012  9.252
9.480  10.000  9.780  9.542
9.490  10.000  10.072  9.987
9.500  10.000  10.040  10.338
9.510  10.000  10.051  10.404
9.520  12.500  9.961  10.206
9.530  15.000  10.241  10.414
9.540  17.500  11.140  11.654
9.550  20.000  14.426  14.387
9.560  22.500  16.873  19.045
9.570  25.000  20.532  25.186
9.580  27.500  22.399  32.492
9.590  30.000  26.002  40.974
9.600  32.500  26.909  49.490
9.610  35.000  27.535  57.727
9.620  35.000  27.337  66.089
9.630  35.000  28.024  74.748
9.640  35.000  28.270  83.425
9.650  35.000  28.664  91.401
9.660  35.000  28.654  99.283
9.670  35.000  28.645  107.317
9.680  35.000  29.387  115.283
9.690  35.000  29.186  123.312
9.700  35.000  29.722  130.777
9.710  35.000  29.558  137.887
9.720  35.000  29.894  145.517
9.730  35.000  30.544  153.039
9.740  35.000  30.411  160.489
9.750  35.000  31.092  167.998
9.760  35.000  30.874  175.163
9.770  35.000  31.505  182.066
9.780  35.000  31.262  189.285
9.790  35.000  31.318  196.752
9.800  35.000  32.001  203.697
9.810  35.000  31.881  210.662
9.820  35.000  31.925  217.458
9.830  35.000  32.648  223.952
9.840  35.000  32.652  230.657
9.850  35.000  32.824  236.881
9.860  35.000  32.722  243.054
9.870  35.000  33.296  249.450
9.880  35.000  33.874  255.583
9.890  35.000  33.082  262.183
9.900  35.000  33.860  268.466
9.910  35.000  33.413  274.618
9.920  35.000  34.119  281.249
9.930  35.000  34.416  287.602
9.940  35.000  34.230  293.744
9.950  35.000  34.539  299.946
9.960  35.000  34.764  306.340
9.970  35.000  34.894  312.686
9.980  35.000  35.291  318.688
9.990  35.000  35.121  324.650
10.000  35.000  35.185  330.787
10.010  35.000  35.792  336.645
10.020  35.000  35.908  342.103
10.030  35.000  35.721  347.413
10.040  35.000  35.951  352.741
10.050  35.000  35.710  357.837
10.060  35.000  35.374  362.923
10.070  35.000  35.234  368.075
10.080  35.000  35.050  373.113
10.090  35.000  35.696  378.062
10.100  35.000  35.112  382.594
10.110  35.000  35.202  386.654
10.120  35.000  35.499  390.283
10.130  35.000  35.236  393.932
10.140  35.000  34.730  397.563
10.150  35.000  35.185  400.655
10.160  35.000  35.058  403.424
10.170  35.000  34.869  406.182
10.180  35.000  34.962  408.898
10.190  35.000  35.700  411.596
10.200  35.000  34.545  414.531
10.210  35.000  34.884  417.491
10.220  35.000  34.776  420.459
10.230  35.000  35.472  423.373
10.240  35.000  35.106  426.113
10.250  35.000  35.457  428.674
10.260  35.000  35.127  430.950
10.270  35.000  35.123  433.431
10.280  35.000  35.424  436.044
10.290  35.000  35.523  438.492
10.300  35.000  35.657  440.788
10.310  35.000  35.495  442.840
10.320  35.000  35.194  444.690
10.330  35.000  35.556  446.245
10.340  35.000  35.261  447.464
10.350  35.000  35.028  448.575
10.360  35.000  34.798  449.821
10.370  35.000  35.344  451.104
10.380  35.000  35.318  452.096
10.390  35.000  35.025  452.810
10.400  35.000  35.719  453.444
10.410  35.000  34.541  454.174
10.420  35.000  35.929  454.689
10.430  35.000  35.061  454.990
10.440  35.000  35.118  455.452
10.450  35.000  35.124  455.818
10.460  35.000  35.071  455.917
10.470  35.000  34.932  456.005
10.480  35.000  34.922  456.092
10.490  35.000  35.134  456.211
10.500  35.000  34.707  456.266
10.510  35.000  35.246  455.963
10.520  10.000  34.594  455.663
10.530  10.000  34.140  455.424
10.540  10.000  31.511  453.867
10.550  10.000  25.809  448.967
10.560  10.000  19.297  440.357
10.570  10.000  17.187  430.581
10.580  10.000  16.749  421.557
10.590  10.000  16.408  413.270
10.600  10.000  16.489  404.845
10.610  10.000  15.840  395.526
10.620  10.000  15.785  386.894
10.630  10.000  15.423  378.371
10.640  10.000  14.997  369.607
10.650  10.000  14.943  361.038
10.660  10.000  14.739  352.399
10.670  10.000  14.629  344.513
10.680  10.000  14.325  336.823
10.690  10.000  14.012  329.284
10.700  10.000  13.848  321.976
10.710  10.000  13.565  314.060
10.720  10.000  13.385  306.228
10.730  10.000  13.115  299.017
10.740  10.000  13.041  291.840
10.750  10.000  12.675  284.039
10.760  10.000  12.271  276.286
10.770  10.000  12.308  268.702
10.780  10.000  11.970  260.703
10.790  10.000  11.946  253.287
10.800  10.000  11.736  246.281
10.810  10.000  11.360  239.039
10.820  10.000  11.214  231.967
10.830  10.000  11.060  225.374
10.840  10.000  10.837  219.037
10.850  10.000  10.575  212.637
10.860  10.000  10.487  205.582
10.870  10.000  10.298  198.652
10.880  10.000  10.034  191.629
10.890  10.000  9.979  183.925
10.900  10.000  9.909  176.842
10.910  10.000  9.655  170.713
10.920  10.000  9.398  164.661
10.930  10.000  9.510  158.505
10.940  10.000  9.238  151.875
10.950  10.000  9.300  145.432
10.960  10.000  9.144  139.925
10.970  10.000  8.899  133.788
10.980  10.000  8.833  127.530
10.990  10.000  8.887  122.199
11.000  10.000  8.888  117.195
11.010  10.000  8.847  112.258
11.020  10.000  8.890  107.389
11.030  10.000  9.130  102.399
11.040  10.000  9.240  96.946
11.050  10.000  9.130  91.946
11.060  10.000  9.089  87.804
11.070  10.000  9.156  83.696
11.080  10.000  9.022  79.303
11.090  10.000  9.245  75.087
11.100  10.000  9.572  71.384
11.110  10.000  9.502  67.694
11.120  10.000  9.674  63.873
11.130  10.000  9.681  60.351
11.140  10.000  9.569  56.737
11.150  10.000  9.474  53.037
11.160  10.000  9.339  49.531
11.170  10.000  9.251  46.097
11.180  10.000  9.103  42.925
11.190  10.000  9.201  39.860
11.200  10.000  9.389  37.011
11.210  10.000  9.766  34.543
11.220  10.000  9.975  32.463
11.230  10.000  9.885  30.479
11.240  10.000  9.807  28.414
11.250  10.000  9.990  26.492
11.260  10.000  9.869  24.845
11.270  10.000  9.694  23.427
11.280  10.000  9.734  21.940
11.290  10.000  10.020  20.320
11.300  10.000  9.927  18.818
11.310  10.000  10.050  17.340
11.320  10.000  9.771  15.830
11.330  10.000  9.899  14.487
11.340  10.000  9.725  13.241
11.350  10.000  10.014  11.929
11.360  10.000  9.816  10.685
11.370  10.000  9.840  9.578
11.380  10.000  9.691  8.495
11.390  10.000  9.800  7.397
11.400  10.000  9.680  6.201
11.410  10.000  9.695  4.875
11.420  10.000  9.441  3.587
11.430  10.000  9.482  2.495
11.440  10.000  9.688  1.650
11.450  10.000  9.643  0.995
11.460  10.000  9.629  0.599
11.470  10.000  9.780  0.531
11.480  10.000  9.775  0.486
11.490  10.000  9.814  0.521
11.500  10.000  9.733  0.882
11.510  10.000  10.056  1.321
11.520  10.000  10.205  1.678
11.530  10.000  9.954  2.114
11.540  10.000  9.851  2.671
11.550  10.000  10.093  3.214
11.560  10.000  9.973  3.698
11.570  10.000  9.954  4.228
11.580  10.000  10.223  4.621
11.590  10.000  10.001  4.977
11.600  10.000  10.053  5.540
11.610  10.000  10.239  6.015
11.620  10.000  10.126  6.351
11.630  10.000  10.135  6.561
11.640  10.000  10.092  6.479
11.650  10.000  10.098  6.224
11.660  10.000  10.072  5.816
11.670  10.000  10.182  5.191
11.680  10.000  10.125  4.657
11.690  10.000  10.077  4.204
11.700  10.000  9.949  3.634
11.710  10.000  10.068  2.967
11.720  10.000  9.773  2.403
11.730  10.000  9.924  2.005
11.740  10.000  9.963  1.745
11.750  10.000  10.035  1.426
11.760  10.000  10.119  0.800
11.770  10.000  10.025  0.158
11.780  10.000  9.978  -0.429
11.790  10.000  9.876  -0.974
11.800  10.000  9.878  -1.350
11.810  10.000  9.798  -1.604
11.820  10.000  9.956  -1.885
11.830  10.000  9.932  -2.095
11.840  10.000  9.987  -2.199
11.850  10.000  9.882  -2.288
11.860  10.000  10.101  -2.419
11.870  10.000  10.000  -2.528
11.880  10.000  9.878  -2.429
11.890  10.000  9.922  -2.371
11.900  10.000  9.918  -2.446
11.910  10.000  9.996  -2.314
11.920  10.000  9.907  -1.955
11.930  10.000  10.104  -1.566
11.940  10.000  9.997  -1.136
11.950  10.000  9.982  -0.702
11.960  10.000  10.001  -0.354
11.970  10.000  9.985  -0.233
11.980  10.000  10.014  -0.322
11.990  10.000  10.049  -0.264
12.000  10.000  10.080  -0.066
12.010  10.000  10.171  0.104
12.020  10.000  10.207  0.246
12.030  10.000  9.954  0.289
12.040  10.000  10.083  0.241
12.050  10.000  9.965  0.181
12.060  10.000  10.031  0.167
12.070  10.000  9.804  0.318
12.080  10.000  9.997  0.578
12.090  10.000  9.988  0.678
12.100  10.000  10.093  0.629
12.110  10.000  10.009  0.609
12.120  10.000  10.162  0.600
12.130  10.000  9.988  0.509
12.140  10.000  10.053  0.352
12.150  10.000  9.972  0.104
12.160  10.000  9.991  -0.177
12.170  10.000  9.888  -0.407
12.180  10.000  10.015  -0.647
12.190  10.000  9.874  -0.791
12.200  10.000  9.921  -0.789
12.210  10.000  9.933  -0.695
12.220  10.000  10.014  -0.654
12.230  10.000  10.034  -0.730
12.240  10.000  9.869  -0.661
12.250  10.000  10.098  -0.585
12.260  10.000  10.113  -0.731
12.270  10.000  9.923  -0.853
12.280  10.000  10.151  -0.918
12.290  10.000  9.762  -0.947
12.300  10.000  9.804  -0.670
12.310  10.000  10.040  -0.443
12.320  10.000  10.054  -0.394
12.330  10.000  10.114  -0.335
12.340  10.000  10.220  -0.426
12.350  10.000  9.993  -0.469
12.360  10.000  9.996  -0.470
12.370  10.000  10.139  -0.595
12.380  10.000  10.018  -0.717
12.390  10.000  10.139  -0.831
12.400  10.000  9.932  -0.970
12.410  10.000  10.003  -1.059
12.420  10.000  10.106  -1.179
12.430  10.000  9.956  -1.321
12.440  10.000  9.889  -1.425
12.450  10.000  9.945  -1.642
12.460  10.000  10.056  -2.065
12.470  10.000  10.017  -2.508
12.480  10.000  10.055  -2.912
12.490  10.000  9.704  -3.228
12.500  10.000  10.058  -3.560
12.510  10.000  9.965  -3.951
12.520  10.000  9.873  -4.108
12.530  12.500  9.810  -4.166
12.540  15.000  10.291  -3.823
12.550  17.500  11.257  -2.596
12.560  20.000  14.071  -0.092
12.570  22.500  16.891  4.328
12.580  25.000  20.928  10.305
12.590  27.500  22.227  18.062
12.600  30.000  25.412  26.743
12.610  32.500  26.879  34.889
12.620  35.000  27.628  43.438
12.630  35.000  28.060  51.828
12.640  35.000  28.367  60.121
12.650  35.000  28.912  68.767
12.660  35.000  29.043  76.822
12.670  35.000  28.666  84.729
12.680  35.000  29.328  92.612
12.690  35.000  28.611  100.713
12.700  35.000  29.068  109.246
12.710  35.000  29.661  117.308
12.720  35.000  29.807  125.212
12.730  35.000  30.105  133.844
12.740  35.000  29.926  142.254
12.750  35.000  29.875  149.713
12.760  35.000  30.358  156.892
12.770  35.000  30.330  164.411
12.780  35.000  30.465  171.899
12.790  35.000  31.810  178.975
12.800  35.000  31.090  186.083
12.810  35.000  32.133  193.411
12.820  35.000  32.023  200.588
12.830  35.000  31.867  207.872
12.840  35.000  32.323  215.227
12.850  35.000  32.758  221.915
12.860  35.000  32.914  228.213
12.870  35.000  32.508  234.843
12.880  35.000  32.957  241.667
12.890  35.000  32.964  248.585
12.900  35.000  34.447  254.941
12.910  35.000  34.016  261.057
12.920  35.000  33.124  268.280
12.930  35.000  33.736  275.341
12.940  35.000  34.476  281.316
12.950  35.000  34.744  287.160
12.960  35.000  34.324  293.306
12.970  35.000  34.932  299.448
12.980  35.000  35.820  305.103
12.990  35.000  34.965  310.331
13.000  35.000  34.824  315.750
13.010  35.000  35.087  321.565
13.020  35.000  35.807  327.580
13.030  35.000  35.275  333.636
13.040  35.000  35.768  339.340
13.050  35.000  35.813  344.641
13.060  35.000  35.330  350.036
13.070  35.000  36.311  355.166
13.080  35.000  35.337  360.097
13.090  35.000  35.312  365.057
13.100  35.000  35.345  369.883
13.110  35.000  35.171  374.460
13.120  35.000  35.189  378.689
13.130  35.000  35.542  382.658
13.140  35.000  34.561  386.640
13.150  35.000  35.359  390.485
13.160  35.000  34.930  393.933
13.170  35.000  34.788  397.291
13.180  35.000  35.523  400.299
13.190  35.000  34.677  403.359
13.200  35.000  35.051  406.455
13.210  35.000  35.552  409.556
13.220  35.000  35.151  412.810
13.230  35.000  35.244  415.614
13.240  35.000  35.523  418.209
13.250  35.000  34.613  420.917
13.260  35.000  35.415  423.692
13.270  35.000  35.179  426.468
13.280  35.000  35.367  429.028
13.290  35.000  35.289  431.401
13.300  35.000  35.681  433.496
13.310  35.000  35.799  435.049
13.320  35.000  35.215  436.601
13.330  35.000  35.200  438.133
13.340  35.000  34.859  439.582
13.350  35.000  35.028  441.077
13.360  35.000  35.248  442.540
13.370  35.000  34.849  443.998
13.380  35.000  35.019  445.188
13.390  35.000  35.271  446.357
13.400  35.000  35.497  447.596
13.410  35.000  34.948  448.552
13.420  35.000  35.238  449.298
13.430  35.000  35.247  449.969
13.440  35.000  35.035  450.608
13.450  35.000  34.985  451.272
13.460  35.000  35.236  451.906
13.470  35.000  35.350  452.261
13.480  35.000  35.272  452.320
13.490  35.000  34.979  452.430
13.500  35.000  35.447  452.601
13.510  35.000  35.015  452.530
13.520  35.000  34.809  452.351
13.530  10.000  35.009  452.183
13.540  10.000  34.026  451.835
13.550  10.000  31.097  450.287
13.560  10.000  25.962  445.831
13.570  10.000  19.111  438.567
13.580  10.000  17.076  429.667
13.590  10.000  16.689  420.634
13.600  10.000  16.750  411.635
13.610  10.000  16.132  402.252
13.620  10.000  15.814  393.745
13.630  10.000  15.299  386.203
13.640  10.000  14.920  378.709
13.650  10.000  14.151  371.209
13.660  10.000  14.409  363.187
13.670  10.000  14.130  354.851
13.680  10.000  13.970  346.617
13.690  10.000  13.718  337.566
13.700  10.000  13.216  329.290
13.710  10.000  13.126  321.537
13.720  10.000  13.088  313.824
13.730  10.000  12.864  305.912
13.740  10.000  12.471  297.583
13.750  10.000  12.044  289.356
13.760  10.000  12.380  281.824
13.770  10.000  11.777  275.576
13.780  10.000  11.721  269.222
13.790  10.000  11.376  262.037
13.800  10.000  11.553  254.781
13.810  10.000  11.184  248.369
13.820  10.000  10.841  242.108
13.830  10.000  10.824  234.966
13.840  10.000  10.705  227.988
13.850  10.000  10.592  222.075
13.860  10.000  10.493  216.243
13.870  10.000  10.053  210.331
13.880  10.000  10.057  204.173
13.890  10.000  9.935  197.276
13.900  10.000  9.660  190.283
13.910  10.000  9.478  183.572
13.920  10.000  9.360  177.194
13.930  10.000  9.512  170.365
13.940  10.000  9.265  163.544
13.950  10.000  9.402  157.309
13.960  10.000  8.978  151.297
13.970  10.000  8.938  144.962
13.980  10.000  9.254  138.664
13.990  10.000  9.433  133.603
14.000  10.000  9.250  128.867
14.010  10.000  9.427  122.934
14.020  10.000  9.320  116.548
14.030  10.000  9.209  111.133
14.040  10.000  9.269  106.008
14.050  10.000  9.131  100.400
14.060  10.000  9.282  95.294
14.070  10.000  9.117  91.360
14.080  10.000  9.308  86.528
14.090  10.000  9.033  80.779
14.100  10.000  9.101  75.133
14.110  10.000  9.036  70.455
14.120  10.000  9.348  66.562
14.130  10.000  9.396  62.713
14.140  10.000  9.596  59.159
14.150  10.000  9.525  55.802
14.160  10.000  9.439  52.491
14.170  10.000  9.568  49.049
14.180  10.000  9.486  45.484
14.190  10.000  9.236  42.213
14.200  10.000  9.156  39.258
14.210  10.000  9.396  36.366
14.220  10.000  9.599  33.667
14.230  10.000  9.717  31.184
14.240  10.000  9.813  28.863
14.250  10.000  9.751  26.608
14.260  10.000  9.842  24.585
14.270  10.000  10.048  22.789
14.280  10.000  9.925  20.975
14.290  10.000  9.826  19.163
14.300  10.000  9.781  17.428
14.310  10.000  9.895  15.807
14.320  10.000  9.886  14.235
14.330  10.000  9.807  12.727
14.340  10.000  9.833  11.350
14.350  10.000  9.817  10.184
14.360  10.000  9.927  9.082
14.370  10.000  9.885  7.994
14.380  10.000  9.758  7.181
14.390  10.000  9.803  6.470
14.400  10.000  9.894  5.534
14.410  10.000  9.723  4.565
14.420  10.000  9.659  3.712
14.430  10.000  9.573  2.702
14.440  10.000  9.403  1.652
14.450  10.000  9.560  0.780
14.460  10.000  9.559  -0.098
14.470  10.000  9.690  -0.800
14.480  10.000  9.803  -1.138
14.490  10.000  9.633  -1.241
14.500  10.000  10.072  -1.147
14.510  10.000  9.929  -1.019
14.520  10.000  9.852  -0.925
14.530  10.000  9.945  -0.837
14.540  10.000  9.847  -0.727
14.550  10.000  9.862  -0.336
14.560  10.000  9.949  0.325
14.570  10.000  9.950  1.087
14.580  10.000  10.044  1.767
14.590  10.000  10.002  2.322
14.600  10.000  10.067  2.843
14.610  10.000  10.064  3.418
14.620  10.000  10.132  4.098
14.630  10.000  10.440  4.694
14.640  10.000  9.964  5.328
14.650  10.000  10.129  5.951
14.660  10.000  10.241  6.327
14.670  10.000  9.945  6.431
14.680  10.000  10.197  6.206
14.690  10.000  10.276  5.766
14.700  10.000  10.127  5.311
14.710  10.000  10.243  4.873
14.720  10.000  10.042  4.557
14.730  10.000  10.007  4.256
14.740  10.000  9.868  3.806
14.750  10.000  9.946  3.227
14.760  10.000  9.860  2.581
14.770  10.000  9.762  1.980
14.780  10.000  9.868  1.407
14.790  10.000  9.907  0.839
14.800  10.000  9.767  0.510
14.810  10.000  9.843  0.400
14.820  10.000  10.053  0.213
14.830  10.000  10.019  0.025
14.840  10.000  9.983  -0.051
14.850  10.000  9.985  -0.106
14.860  10.000  9.957  -0.105
14.870  10.000  9.825  -0.122
14.880  10.000  10.089  -0.324
14.890  10.000  10.108  -0.525
14.900  10.000  10.006  -0.594
14.910  10.000  9.961  -0.522
14.920  10.000  9.884  -0.172
14.930  10.000  10.203  0.298
14.940  10.000  10.051  0.611
14.950  10.000  10.024  0.836
14.960  10.000  9.853  1.014
14.970  10.000  9.888  1.106
14.980  10.000  10.099  1.080
14.990  10.000  9.963  1.208
15.000  10.000  9.966  1.592
15.010  10.000  10.085  2.008
15.020  10.000  9.898  2.441
15.030  10.000  10.129  2.888
15.040  10.000  9.902  3.387
15.050  10.000  10.136  3.911
15.060  10.000  9.878  4.271
15.070  10.000  10.257  4.461
15.080  10.000  10.017  4.581
15.090  10.000  10.137  4.686
15.100  10.000  10.120  4.715
15.110  10.000  10.014  4.496
15.120  10.000  10.214  4.033
15.130  10.000  10.010  3.578
15.140  10.000  9.969  3.259
15.150  10.000  9.941  2.974
15.160  10.000  9.930  2.662
15.170  10.000  10.076  2.377
15.180  10.000  9.936  2.088
15.190  10.000  9.989  1.733
15.200  10.000  9.769  1.394
15.210  10.000  10.122  1.059
15.220  10.000  9.869  0.837
15.230  10.000  9.986  0.806
15.240  10.000  9.745  0.852
15.250  10.000  9.945  1.012
15.260  10.000  9.860  1.254
15.270  10.000  9.997  1.468
15.280  10.000  9.845  1.640
15.290  10.000  9.971  1.876
15.300  10.000  10.024  2.111
15.310  10.000  9.928  2.273
15.320  10.000  10.089  2.520
15.330  10.000  9.855  2.899
15.340  10.000  10.205  3.161
15.350  10.000  10.064  3.269
15.360  10.000  10.131  3.496
15.370  10.000  10.160  3.773
15.380  10.000  9.891  3.881
15.390  10.000  10.115  3.972
15.400  10.000  10.068  4.073
15.410  10.000  10.234  4.089
15.420  10.000  9.976  4.134
15.430  10.000  10.024  4.077
15.440  10.000  10.017  3.910
15.450  10.000  9.970  3.713
15.460  10.000  10.014  3.502
15.470  10.000  10.026  3.229
15.480  10.000  9.826  2.874
15.490  10.000  9.919  2.734
15.500  10.000  10.121  2.810
15.510  10.000  9.958  2.907
15.520  10.000  10.058  2.823
15.530  10.000  10.146  2.654
15.540  12.500  9.919  2.527
15.550  15.000  10.313  2.624
15.560  17.500  11.168  3.715
15.570  20.000  13.847  6.284
15.580  22.500  16.945  10.496
15.590  25.000  20.603  16.081
15.600  27.500  22.352  23.187
15.610  30.000  25.607  31.834
15.620  32.500  26.683  40.395
15.630  35.000  27.723  48.912
15.640  35.000  28.131  57.431
15.650  35.000  27.670  66.032
15.660  35.000  29.028  74.387
15.670  35.000  28.476  82.688
15.680  35.000  29.028  91.420
15.690  35.000  28.322  100.003
15.700  35.000  29.670  108.089
15.710  35.000  29.409  115.642
15.720  35.000  29.486  123.371
15.730  35.000  29.844  130.733
15.740  35.000  30.810  137.674
15.750  35.000  30.186  144.594
15.760  35.000  30.407  152.074
15.770  35.000  30.674  159.305
15.780  35.000  30.890  166.168
15.790  35.000  31.552  173.051
15.800  35.000  31.338  179.812
15.810  35.000  31.875  186.631
15.820  35.000  31.467  193.529
15.830  35.000  31.448  200.679
15.840  35.000  31.961  207.621
15.850  35.000  32.206  214.765
15.860  35.000  32.873  221.815
15.870  35.000  32.743  228.192
15.880  35.000  32.332  234.576
15.890  35.000  32.986  240.930
15.900  35.000  33.260  247.054
15.910  35.000  33.248  253.538
15.920  35.000  33.241  260.847
15.930  35.000  33.799  268.024
15.940  35.000  34.184  274.566
15.950  35.000  34.110  281.253
15.960  35.000  34.182  288.004
15.970  35.000  34.223  294.799
15.980  35.000  35.445  301.015
15.990  35.000  35.143  306.993
16.000  35.000  35.230  313.198
16.010  35.000  34.942  319.148
16.020  35.000  35.647  325.225
16.030  35.000  34.914  331.858
16.040  35.000  35.537  338.271
16.050  35.000  35.828  343.753
16.060  35.000  35.790  349.131
16.070  35.000  36.191  354.517
16.080  35.000  35.196  359.593
16.090  35.000  35.433  364.429
16.100  35.000  35.753  368.873
16.110  35.000  34.857  373.322
16.120  35.000  35.259  377.962
16.130  35.000  34.960  382.174
16.140  35.000  35.419  386.160
16.150  35.000  34.618  390.125
16.160  35.000  34.844  393.943
16.170  35.000  34.604  397.729
16.180  35.000  35.181  401.573
16.190  35.000  35.043  405.112
16.200  35.000  35.081  408.132
16.210  35.000  35.377  411.178
16.220  35.000  35.179  414.418
16.230  35.000  36.090  417.366
16.240  35.000  35.831  419.937
16.250  35.000  34.861  422.396
16.260  35.000  34.834  424.945
16.270  35.000  35.404  427.632
16.280  35.000  35.503  430.380
16.290  35.000  35.567  432.973
16.300  35.000  34.806  435.440
16.310  35.000  35.458  437.584
16.320  35.000  35.406  439.237
16.330  35.000  35.439  440.718
16.340  35.000  35.206  442.103
16.350  35.000  35.074  443.376
16.360  35.000  35.061  444.728
16.370  35.000  35.440  446.207
16.380  35.000  35.189  447.547
16.390  35.000  35.139  448.647
16.400  35.000  35.013  449.536
16.410  35.000  34.926  450.364
16.420  35.000  35.449  451.037
16.430  35.000  34.479  451.530
16.440  35.000  35.680  452.048
16.450  35.000  35.021  452.627
16.460  35.000  35.461  453.111
16.470  35.000  34.670  453.484
16.480  35.000  35.373  453.878
16.490  35.000  34.622  454.365
16.500  35.000  35.394  454.802
16.510  35.000  34.712  455.189
16.520  35.000  35.092  455.763
16.530  35.000  34.847  456.426
16.540  10.000  34.976  457.020
16.550  10.000  34.061  457.136
16.560  10.000  31.666  455.494
16.570  10.000  26.041  449.357
16.580  10.000  19.453  440.663
16.590  10.000  17.252  431.905
16.600  10.000  16.811  423.253
16.610  10.000  16.715  415.070
16.620  10.000  16.453  406.194
16.630  10.000  16.055  397.629
16.640  10.000  15.905  389.307
16.650  10.000  15.513  380.269
16.660  10.000  15.319  371.743
16.670  10.000  15.056  363.944
16.680  10.000  14.905  356.042
16.690  10.000  14.663  348.124
16.700  10.000  14.424  340.310
16.710  10.000  14.306  332.569
16.720  10.000  13.921  324.857
16.730  10.000  13.601  317.249
16.740  10.000  13.453  309.627
16.750  10.000  13.087  301.389
16.760  10.000  12.881  293.413
16.770  10.000  12.735  286.172
16.780  10.000  12.461  279.065
16.790  10.000  12.298  272.272
16.800  10.000  12.210  265.438
16.810  10.000  11.937  257.968
16.820  10.000  11.704  250.087
16.830  10.000  10.911  243.119
16.840  10.000  10.959  235.966
16.850  10.000  10.716  228.580
16.860  10.000  10.494  222.374
16.870  10.000  10.151  216.523
16.880  10.000  10.077  210.362
16.890  10.000  9.962  203.534
16.900  10.000  9.727  196.468
16.910  10.000  9.657  189.941
16.920  10.000  9.767  183.318
16.930  10.000  9.372  176.038
16.940  10.000  9.442  168.525
16.950  10.000  9.444  161.127
16.960  10.000  9.158  155.112
16.970  10.000  9.149  150.012
16.980  10.000  9.184  144.770
16.990  10.000  9.065  139.460
17.000  10.000  9.279  133.479
17.010  10.000  9.204  127.880
17.020  10.000  9.198  122.883
17.030  10.000  8.971  117.302
17.040  10.000  9.109  111.862
17.050  10.000  9.233  107.183
17.060  10.000  9.310  102.656
17.070  10.000  9.322  97.410
17.080  10.000  9.285  92.267
17.090  10.000  9.155  87.932
17.100  10.000  9.124  83.458
17.110  10.000  8.933  79.102
17.120  10.000  9.213  75.214
17.130  10.000  9.406  71.293
17.140  10.000  9.614  67.260
17.150  10.000  9.687  63.574
17.160  10.000  9.525  59.928
17.170  10.000  9.353  56.258
17.180  10.000  9.490  52.950
17.190  10.000  9.412  49.496
17.200  10.000  9.230  46.004
17.210  10.000  9.175  42.757
17.220  10.000  9.303  39.720
17.230  10.000  9.591  37.059
17.240  10.000  10.004  34.676
17.250  10.000  9.883  32.279
17.260  10.000  9.817  29.947
17.270  10.000  9.798  27.754
17.280  10.000  9.879  25.616
17.290  10.000  9.856  23.699
17.300  10.000  9.882  22.045
17.310  10.000  9.830  20.441
17.320  10.000  9.792  18.804
17.330  10.000  9.841  17.280
17.340  10.000  9.961  15.860
17.350  10.000  9.877  14.493
17.360  10.000  10.048  13.134
17.370  10.000  9.878  11.921
17.380  10.000  9.786  10.985
17.390  10.000  9.702  10.035
17.400  10.000  9.760  8.786
17.410  10.000  9.528  7.518
17.420  10.000  9.655  6.557
17.430  10.000  9.598  5.703
17.440  10.000  9.576  4.833
17.450  10.000  9.539  3.956
17.460  10.000  9.500  3.196
17.470  10.000  9.703  2.678
17.480  10.000  9.873  2.367
17.490  10.000  9.678  2.246
17.500  10.000  9.934  2.353
17.510  10.000  9.784  2.515
17.520  10.000  10.003  2.690
17.530  10.000  10.029  3.081
17.540  10.000  9.911  3.702
17.550  10.000  9.850  4.409
17.560  10.000  10.074  5.010
17.570  10.000  10.131  5.571
17.580  10.000  10.043  5.993
17.590  10.000  10.133  6.237
17.600  10.000  9.860  6.650
17.610  10.000  10.007  7.276
17.620  10.000  10.091  7.946
17.630  10.000  10.312  8.449
17.640  10.000  10.158  8.659
17.650  10.000  10.076  8.749
17.660  10.000  10.093  8.784
17.670  10.000  10.048  8.675
17.680  10.000  10.036  8.650
17.690  10.000  9.919  8.732
17.700  10.000  9.966  8.723
17.710  10.000  10.108  8.648
17.720  10.000  10.157  8.453
17.730  10.000  9.908  8.298
17.740  10.000  10.080  8.167
17.750  10.000  9.892  7.857
17.760  10.000  10.062  7.367
17.770  10.000  9.854  6.878
17.780  10.000  9.877  6.626
17.790  10.000  9.907  6.611
17.800  10.000  10.164  6.839
17.810  10.000  9.848  6.958
17.820  10.000  10.026  6.867
17.830  10.000  10.031  6.777
17.840  10.000  10.030  6.546
17.850  10.000  9.894  6.309
17.860  10.000  9.956  6.235
17.870  10.000  9.855  6.337
17.880  10.000  10.056  6.623
17.890  10.000  10.035  6.866
17.900  10.000  9.935  7.051
17.910  10.000  9.955  7.187
17.920  10.000  9.885  7.245
17.930  10.000  9.938  7.391
17.940  10.000  10.031  7.578
17.950  10.000  9.956  7.692
17.960  10.000  10.116  7.756
17.970  10.000  9.992  7.913
17.980  10.000  10.110  8.082
17.990  10.000  9.737  8.256
18.000  10.000  9.921  8.605
18.010  10.000  10.182  8.859
18.020  10.000  10.105  8.973
18.030  10.000  9.956  9.171
18.040  10.000  10.216  9.343
18.050  10.000  10.027  9.504
18.060  10.000  10.151  9.652
18.070  10.000  9.940  9.788
18.080  10.000  9.912  9.846
18.090  10.000  10.135  9.693
18.100  10.000  9.897  9.542
18.110  10.000  10.012  9.429
18.120  10.000  10.009  9.327
18.130  10.000  10.238  9.205
18.140  10.000  9.829  8.985
18.150  10.000  10.096  8.748
18.160  10.000  10.117  8.549
18.170  10.000  10.043  8.381
18.180  10.000  10.007  8.275
18.190  10.000  9.982  8.139
18.200  10.000  10.011  7.769
18.210  10.000  9.711  7.323
18.220  10.000  10.144  6.886
18.230  10.000  9.853  6.577
18.240  10.000  9.924  6.501
18.250  10.000  9.843  6.540
18.260  10.000  9.845  6.649
18.270  10.000  9.964  6.766
18.280  10.000  9.998  7.132
18.290  10.000  9.912  7.749
18.300  10.000  9.924  8.197
18.310  10.000  9.946  8.470
18.320  10.000  10.194  8.778
18.330  10.000  10.049  9.184
18.340  10.000  10.094  9.522
18.350  10.000  10.068  9.653
18.360  10.000  10.019  9.623
18.370  10.000  10.022  9.543
18.380  10.000  10.181  9.461
18.390  10.000  10.214  9.334
18.400  10.000  10.005  9.156
18.410  10.000  10.126  8.922
18.420  10.000  9.691  8.758
18.430  10.000  9.970  8.667
18.440  10.000  9.922  8.619
18.450  10.000  9.949  8.728
18.460  10.000  9.934  8.983
18.470  10.000  10.145  9.184
18.480  10.000  9.878  9.145
18.490  10.000  10.028  8.941
18.500  10.000  10.023  8.723
18.510  10.000  9.930  8.796
18.520  10.000  10.035  9.015
18.530  10.000  10.046  8.865
18.540  10.000  10.046  8.520
18.550  12.500  10.160  8.223
18.560  15.000  10.171  8.370
18.570  17.500  11.269  9.370
18.580  20.000  13.786  11.693
18.590  22.500  17.246  15.820
18.600  25.000  20.805  21.513
18.610  27.500  23.167  28.408
18.620  30.000  25.439  36.641
18.630  32.500  27.194  45.344
18.640  35.000  27.880  53.979
18.650  35.000  28.194  62.173
18.660  35.000  27.763  70.161
18.670  35.000  27.678  78.938
18.680  35.000  28.260  87.720
18.690  35.000  28.471  96.242
18.700  35.000  28.812  104.604
18.710  35.000  29.428  112.338
18.720  35.000  29.599  119.908
18.730  35.000  29.655  128.256
18.740  35.000  29.726  136.682
18.750  35.000  29.788  144.329
18.760  35.000  29.480  151.879
18.770  35.000  29.865  159.726
18.780  35.000  30.272  167.640
18.790  35.000  30.360  175.441
18.800  35.000  31.065  183.023
18.810  35.000  31.489  190.060
18.820  35.000  31.455  196.862
18.830  35.000  32.044  204.042
18.840  35.000  32.179  210.962
18.850  35.000  31.855  217.518
18.860  35.000  32.086  224.093
18.870  35.000  32.494  230.900
18.880  35.000  32.922  237.499
18.890  35.000  32.619  244.014
18.900  35.000  33.463  250.827
18.910  35.000  33.378  257.529
18.920  35.000  33.594  264.047
18.930  35.000  33.698  270.544
18.940  35.000  33.962  277.118
18.950  35.000  33.721  283.860
18.960  35.000  34.201  290.331
18.970  35.000  34.283  296.200
18.980  35.000  34.870  301.940
18.990  35.000  34.861  307.815
19.000  35.000  35.363  313.824
19.010  35.000  35.101  319.835
19.020  35.000  35.870  325.702
19.030  35.000  35.499  331.638
19.040  35.000  35.484  337.564
19.050  35.000  35.182  343.322
19.060  35.000  35.242  349.124
19.070  35.000  36.005  354.795
19.080  35.000  35.859  360.541
19.090  35.000  35.748  366.166
19.100  35.000  35.279  371.263
19.110  35.000  35.531  375.668
19.120  35.000  35.137  379.748
19.130  35.000  35.614  383.852
19.140  35.000  34.869  387.776
19.150  35.000  35.569  391.356
19.160  35.000  34.787  394.812
19.170  35.000  34.326  398.193
19.180  35.000  35.170  401.176
19.190  35.000  34.402  404.198
19.200  35.000  35.437  407.426
19.210  35.000  34.770  410.561
19.220  35.000  35.239  413.719
19.230  35.000  35.659  416.776
19.240  35.000  34.820  419.932
19.250  35.000  35.303  423.062
19.260  35.000  35.497  425.981
19.270  35.000  35.428  428.787
19.280  35.000  35.271  431.154
19.290  35.000  35.602  433.207
19.300  35.000  35.740  435.049
19.310  35.000  35.392  436.875
19.320  35.000  34.989  438.870
19.330  35.000  35.265  440.711
19.340  35.000  35.446  442.317
19.350  35.000  35.016  443.821
19.360  35.000  35.355  445.189
19.370  35.000  35.085  446.510
19.380  35.000  35.172  447.513
19.390  35.000  34.937  448.317
19.400  35.000  35.311  449.110
19.410  35.000  35.404  449.786
19.420  35.000  34.505  450.379
19.430  35.000  35.743  450.753
19.440  35.000  34.708  451.206
19.450  35.000  35.564  451.825
19.460  35.000  34.935  452.387
19.470  35.000  34.924  452.747
19.480  35.000  35.031  452.931
19.490  35.000  35.044  453.217
19.500  35.000  35.019  453.548
19.510  35.000  34.984  453.770
19.520  35.000  35.039  453.902
19.530  35.000  35.164  453.955
19.540  35.000  35.197  454.173
19.550  10.000  35.367  454.517
19.560  10.000  34.092  454.479
19.570  10.000  31.215  453.012
19.580  10.000  25.765  448.386
19.590  10.000  19.239  440.700
19.600  10.000  17.169  431.432
19.610  10.000  16.591  422.332
19.620  10.000  16.591  414.244
19.630  10.000  16.334  406.343
19.640  10.000  16.047  398.335
19.650  10.000  15.781  390.277
19.660  10.000  15.556  382.100
19.670  10.000  15.262  374.178
19.680  10.000  14.981  365.841
19.690  10.000  14.607  357.597
19.700  10.000  14.525  349.414
19.710  10.000  14.395  341.213
19.720  10.000  14.046  333.141
19.730  10.000  13.819  324.385
19.740  10.000  13.638  316.148
19.750  10.000  13.296  308.131
19.760  10.000  13.087  300.397
19.770  10.000  12.847  293.145
19.780  10.000  12.633  285.216
19.790  10.000  12.490  277.148
19.800  10.000  12.396  269.878
19.810  10.000  12.276  262.817
19.820  10.000  12.020  255.224
19.830  10.000  11.811  247.474
19.840  10.000  11.531  239.711
19.850  10.000  11.196  231.890
19.860  10.000  11.173  224.482
19.870  10.000  10.858  217.665
19.880  10.000  10.803  211.163
19.890  10.000  10.597  204.699
19.900  10.000  10.301  197.896
19.910  10.000  10.051  191.208
19.920  10.000  9.822  185.037
19.930  10.000  9.771  178.749
19.940  10.000  9.582  171.976
19.950  10.000  9.475  164.826
19.960  10.000  9.448  158.260
19.970  10.000  9.460  152.317
19.980  10.000  9.360  145.909
19.990  10.000  9.206  139.559
20.000  10.000  8.961  134.016
20.010  10.000  8.971  128.771
20.020  10.000  9.172  123.422
20.030  10.000  9.103  117.371
20.040  10.000  9.015  111.236
20.050  10.000  8.870  105.165
20.060  10.000  9.100  99.504
20.070  10.000  9.296  94.850
20.080  10.000  9.347  90.480
20.090  10.000  9.281  85.879
20.100  10.000  9.143  80.917
20.110  10.000  9.051  75.984
20.120  10.000  8.893  71.312
20.130  10.000  9.089  67.193
20.140  10.000  9.291  63.409
20.150  10.000  9.545  59.636
20.160  10.000  9.610  56.126
20.170  10.000  9.571  52.756
20.180  10.000  9.460  49.211
20.190  10.000  9.358  45.733
20.200  10.000  9.283  42.363
20.210  10.000  9.095  38.897
20.220  10.000  9.137  35.545
20.230  10.000  9.423  32.592
20.240  10.000  9.679  29.968
20.250  10.000  9.888  27.735
20.260  10.000  9.713  25.793
20.270  10.000  9.699  23.919
20.280  10.000  9.842  22.241
20.290  10.000  10.059  20.759
20.300  10.000  9.960  19.312
20.310  10.000  9.844  17.768
20.320  10.000  9.809  16.323
20.330  10.000  9.923  15.197
20.340  10.000  9.953  14.158
20.350  10.000  9.876  13.039
20.360  10.000  9.790  11.950
20.370  10.000  9.844  10.833
20.380  10.000  9.798  9.704
20.390  10.000  9.686  8.614
20.400  10.000  9.588  7.455
20.410  10.000  9.705  6.301
20.420  10.000  9.631  5.167
20.430  10.000  9.541  3.962
20.440  10.000  9.632  2.767
20.450  10.000  9.483  1.947
20.460  10.000  9.614  1.309
20.470  10.000  9.834  0.829
20.480  10.000  9.631  0.907
20.490  10.000  9.813  1.185
20.500  10.000  9.694  1.467
20.510  10.000  9.960  1.793
20.520  10.000  9.883  2.218
20.530  10.000  10.073  2.596
20.540  10.000  9.977  2.994
20.550  10.000  9.957  3.645
20.560  10.000  10.142  4.225
20.570  10.000  10.186  4.656
20.580  10.000  10.177  5.097
20.590  10.000  10.132  5.565
20.600  10.000  10.072  5.958
20.610  10.000  10.115  6.307
20.620  10.000  10.180  6.615
20.630  10.000  10.123  6.699
20.640  10.000  10.165  6.611
20.650  10.000  10.129  6.428
20.660  10.000  10.094  6.282
20.670  10.000  9.979  6.172
20.680  10.000  10.169  5.796
20.690  10.000  10.099  5.214
20.700  10.000  9.996  4.688
20.710  10.000  9.900  4.297
20.720  10.000  10.021  3.930
20.730  10.000  10.017  3.424
20.740  10.000  10.044  2.800
20.750  10.000  9.872  2.177
20.760  10.000  9.818  1.711
20.770  10.000  9.777  1.272
20.780  10.000  9.893  0.748
20.790  10.000  9.857  0.441
20.800  10.000  9.742  0.442
20.810  10.000  9.793  0.714
20.820  10.000  9.941  1.015
20.830  10.000  10.068  1.126
20.840  10.000  10.007  1.301
20.850  10.000  10.151  1.533
20.860  10.000  9.906  1.646
20.870  10.000  10.127  1.661
20.880  10.000  10.094  1.832
20.890  10.000  10.188  2.146
20.900  10.000  9.984  2.288
20.910  10.000  9.889  2.351
20.920  10.000  10.100  2.441
20.930  10.000  9.878  2.505
20.940  10.000  9.890  2.578
20.950  10.000  10.163  2.790
20.960  10.000  10.117  3.105
20.970  10.000  10.107  3.365
20.980  10.000  9.995  3.447
20.990  10.000  10.162  3.366
21.000  10.000  10.180  3.110
21.010  10.000  9.933  2.667
21.020  10.000  9.901  2.215
21.030  10.000  10.029  1.913
21.040  10.000  9.879  1.695
21.050  10.000  9.884  1.681
21.060  10.000  9.864  1.903
21.070  10.000  9.965  1.959
21.080  10.000  10.031  1.916
21.090  10.000  9.899  1.910
21.100  10.000  10.057  1.838
21.110  10.000  9.879  1.920
21.120  10.000  9.866  2.176
21.130  10.000  9.969  2.393
21.140  10.000  10.166  2.414
21.150  10.000  10.035  2.272
21.160  10.000  9.979  2.283
21.170  10.000  10.016  2.454
21.180  10.000  10.121  2.770
21.190  10.000  10.234  3.031
21.200  10.000  10.083  2.960
21.210  10.000  10.128  2.647
21.220  10.000  10.043  2.360
21.230  10.000  10.000  2.153
21.240  10.000  10.053  1.843
21.250  10.000  9.964  1.327
21.260  10.000  10.135  0.751
21.270  10.000  9.822  0.281
21.280  10.000  9.982  -0.257
21.290  10.000  9.813  -0.800
21.300  10.000  9.968  -1.252
21.310  10.000  9.995  -1.634
21.320  10.000  9.767  -1.887
21.330  10.000  9.936  -2.155
21.340  10.000  9.830  -2.449
21.350  10.000  9.892  -2.469
21.360  10.000  10.157  -2.238
21.370  10.000  9.913  -2.148
21.380  10.000  10.007  -2.125
21.390  10.000  9.884  -1.967
21.400  10.000  9.951  -1.853
21.410  10.000  10.075  -1.859
21.420  10.000  10.088  -1.840
21.430  10.000  10.044  -1.658
21.440  10.000  10.132  -1.482
21.450  10.000  9.915  -1.487
21.460  10.000  9.966  -1.599
21.470  10.000  10.217  -1.602
21.480  10.000  10.026  -1.416
21.490  10.000  10.170  -1.316
21.500  10.000  10.207  -1.396
21.510  10.000  10.046  -1.556
21.520  10.000  10.105  -1.898
21.530  10.000  9.958  -2.323
21.540  10.000  9.892  -2.615
21.550  10.000  9.992  -2.997
21.560  12.500  9.923  -3.372
21.570  15.000  10.237  -3.118
21.580  17.500  11.478  -2.038
21.590  20.000  13.711  0.346
21.600  22.500  16.773  4.433
21.610  25.000  20.315  10.268
21.620  27.500  22.401  17.694
21.630  30.000  25.629  25.992
21.640  32.500  27.055  34.875
21.650  35.000  27.009  43.877
21.660  35.000  27.656  52.564
21.670  35.000  27.861  62.612
21.680  35.000  28.872  72.142
21.690  35.000  28.158  80.011
21.700  35.000  28.970  88.041
21.710  35.000  28.577  96.723
21.720  35.000  28.885  105.371
21.730  35.000  29.969  113.010
21.740  35.000  29.631  120.460
21.750  35.000  29.748  127.971
21.760  35.000  30.175  135.167
21.770  35.000  30.083  142.212
21.780  35.000  30.487  149.474
21.790  35.000  30.878  157.199
21.800  35.000  30.833  164.782
21.810  35.000  30.312  172.288
21.820  35.000  31.790  179.597
21.830  35.000  31.290  186.588
21.840  35.000  31.178  194.721
21.850  35.000  31.890  202.666
21.860  35.000  31.489  211.068
21.870  35.000  32.340  219.395
21.880  35.000  32.616  226.112
21.890  35.000  32.496  232.698
21.900  35.000  32.982  239.151
21.910  35.000  33.016  245.232
21.920  35.000  33.163  251.135
21.930  35.000  33.283  257.653
21.940  35.000  33.646  264.119
21.950  35.000  33.634  270.205
21.960  35.000  34.298  276.243
21.970  35.000  34.085  282.247
21.980  35.000  34.859  288.243
21.990  35.000  34.211  294.186
22.000  35.000  34.989  299.953
22.010  35.000  35.830  305.276
22.020  35.000  34.495  310.910
22.030  35.000  35.010  317.081
22.040  35.000  35.600  323.195
22.050  35.000  35.494  328.958
22.060  35.000  35.087  334.654
22.070  35.000  35.809  340.192
22.080  35.000  35.705  345.780
22.090  35.000  35.693  351.439
22.100  35.000  35.535  357.069
22.110  35.000  35.833  362.347
22.120  35.000  36.062  366.944
22.130  35.000  35.186  371.366
