# covent_pc_3
# Captured 2020-06-18 14:18:30.906627 by unknown user
# Built at revision 65ecf17 (dirty)
time(sec)  pc_setpoint  pressure  volume
0.000  5.000  4.974  -2.947
0.010  5.000  4.968  -3.800
0.020  5.000  5.018  -4.748
0.030  5.000  4.901  -5.807
0.040  5.000  4.869  -6.668
0.050  5.000  4.836  -7.590
0.060  5.000  4.956  -8.588
0.070  5.000  4.813  -9.419
0.080  5.000  4.759  -10.156
0.090  5.000  4.774  -10.825
0.100  5.000  4.811  -11.243
0.110  5.000  4.758  -11.439
0.120  5.000  4.844  -11.430
0.130  5.000  4.825  -11.292
0.140  5.000  4.728  -11.144
0.150  5.000  4.948  -10.981
0.160  5.000  4.792  -10.891
0.170  5.000  4.839  -10.812
0.180  5.000  4.926  -10.726
0.190  5.000  4.972  -10.489
0.200  5.000  4.845  -9.931
0.210  5.000  4.863  -9.238
0.220  5.000  4.932  -8.675
0.230  5.000  4.997  -8.509
0.240  5.000  5.059  -8.696
0.250  5.000  4.955  -8.721
0.260  5.000  4.991  -8.588
0.270  5.000  5.032  -8.479
0.280  5.000  5.083  -8.265
0.290  5.000  4.998  -8.154
0.300  5.000  5.050  -8.178
0.310  5.000  5.157  -8.237
0.320  5.000  5.104  -8.315
0.330  5.000  4.800  -8.087
0.340  5.000  5.010  -7.423
0.350  5.000  5.086  -6.813
0.360  5.000  5.068  -6.567
0.370  5.000  5.081  -6.450
0.380  5.000  5.329  -6.493
0.390  5.000  5.030  -6.553
0.400  5.000  5.239  -6.635
0.410  5.000  5.104  -6.604
0.420  5.000  5.044  -6.292
0.430  5.000  5.168  -6.206
0.440  7.500  5.033  -6.238
0.450  10.000  5.191  -6.085
0.460  12.500  5.601  -5.252
0.470  15.000  6.945  -3.157
0.480  17.500  8.900  0.738
0.490  20.000  10.256  6.737
0.500  22.500  11.166  15.134
0.510  25.000  13.116  25.791
0.520  27.500  13.840  38.649
0.530  30.000  14.452  52.929
0.540  30.000  15.598  65.947
0.550  30.000  15.677  77.933
0.560  30.000  16.162  90.737
0.570  30.000  17.469  102.843
0.580  30.000  17.585  113.926
0.590  30.000  18.056  124.709
0.600  30.000  18.855  134.934
0.610  30.000  18.769  145.771
0.620  30.000  19.513  156.362
0.630  30.000  19.634  166.914
0.640  30.000  20.425  177.694
0.650  30.000  20.783  187.659
0.660  30.000  21.049  197.872
0.670  30.000  21.032  208.068
0.680  30.000  21.733  217.912
0.690  30.000  22.581  227.315
0.700  30.000  23.306  236.607
0.710  30.000  23.024  246.162
0.720  30.000  23.942  255.538
0.730  30.000  24.188  264.757
0.740  30.000  24.202  273.510
0.750  30.000  24.769  281.961
0.760  30.000  25.216  291.328
0.770  30.000  25.453  300.954
0.780  30.000  26.325  309.438
0.790  30.000  26.161  317.401
0.800  30.000  27.111  325.517
0.810  30.000  27.051  333.272
0.820  30.000  27.632  340.737
0.830  30.000  28.242  348.457
0.840  30.000  28.102  356.242
0.850  30.000  28.175  364.538
0.860  30.000  29.194  372.391
0.870  30.000  29.496  379.877
0.880  30.000  29.438  388.229
0.890  30.000  30.093  396.220
0.900  30.000  29.795  404.173
0.910  30.000  31.018  411.678
0.920  30.000  30.869  418.703
0.930  30.000  30.988  425.828
0.940  30.000  31.497  432.076
0.950  30.000  31.291  438.341
0.960  30.000  31.790  444.326
0.970  30.000  31.018  449.865
0.980  30.000  31.872  455.617
0.990  30.000  32.004  461.019
1.000  30.000  31.354  465.898
1.010  30.000  31.582  469.997
1.020  30.000  31.607  473.410
1.030  30.000  32.209  476.709
1.040  30.000  32.276  479.717
1.050  30.000  31.203  482.017
1.060  30.000  30.939  483.683
1.070  30.000  31.244  484.710
1.080  30.000  31.273  485.080
1.090  30.000  30.921  484.871
1.100  30.000  29.632  483.895
1.110  30.000  29.458  482.002
1.120  30.000  28.759  478.855
1.130  30.000  28.431  474.629
1.140  30.000  28.507  470.209
1.150  30.000  29.422  466.249
1.160  30.000  29.411  462.993
1.170  30.000  29.303  460.268
1.180  30.000  29.642  457.665
1.190  30.000  29.142  455.179
1.200  30.000  29.441  452.977
1.210  30.000  29.248  451.258
1.220  30.000  29.210  450.139
1.230  30.000  29.213  449.367
1.240  30.000  29.373  448.614
1.250  30.000  29.526  447.919
1.260  30.000  29.351  447.445
1.270  30.000  29.459  447.298
1.280  30.000  29.724  447.637
1.290  30.000  29.479  448.524
1.300  30.000  29.676  449.758
1.310  30.000  29.598  451.271
1.320  30.000  30.294  453.051
1.330  30.000  29.555  455.024
1.340  30.000  29.821  457.100
1.350  30.000  30.039  459.225
1.360  30.000  29.993  461.306
1.370  30.000  30.404  463.099
1.380  30.000  30.599  464.635
1.390  30.000  29.818  466.086
1.400  30.000  30.606  467.420
1.410  30.000  30.505  468.487
1.420  30.000  30.258  469.356
1.430  30.000  30.367  470.172
1.440  5.000  30.198  470.798
1.450  5.000  29.976  470.814
1.460  5.000  27.872  469.057
1.470  5.000  23.739  462.752
1.480  5.000  21.201  452.434
1.490  5.000  20.936  442.698
1.500  5.000  20.236  434.196
1.510  5.000  19.459  425.501
1.520  5.000  19.132  416.012
1.530  5.000  19.062  406.465
1.540  5.000  18.383  397.826
1.550  5.000  18.427  389.880
1.560  5.000  18.253  382.349
1.570  5.000  17.711  374.056
1.580  5.000  17.024  364.632
1.590  5.000  16.407  354.634
1.600  5.000  16.565  344.686
1.610  5.000  16.116  335.076
1.620  5.000  15.924  325.832
1.630  5.000  15.226  316.560
1.640  5.000  15.015  307.354
1.650  5.000  14.884  298.341
1.660  5.000  14.227  290.027
1.670  5.000  14.240  282.023
1.680  5.000  14.158  274.143
1.690  5.000  13.468  266.852
1.700  5.000  13.352  258.914
1.710  5.000  13.042  251.302
1.720  5.000  12.859  244.671
1.730  5.000  12.233  237.434
1.740  5.000  11.996  229.802
1.750  5.000  11.796  222.644
1.760  5.000  11.383  215.014
1.770  5.000  11.202  207.635
1.780  5.000  10.662  200.529
1.790  5.000  10.545  193.658
1.800  5.000  10.302  187.667
1.810  5.000  10.165  180.648
1.820  5.000  9.705  173.020
1.830  5.000  9.564  165.793
1.840  5.000  9.222  159.041
1.850  5.000  9.121  152.269
1.860  5.000  8.724  145.171
1.870  5.000  8.645  138.649
1.880  5.000  8.361  132.616
1.890  5.000  8.349  126.836
1.900  5.000  7.994  121.132
1.910  5.000  7.736  115.041
1.920  5.000  7.527  108.673
1.930  5.000  7.277  102.246
1.940  5.000  7.149  96.599
1.950  5.000  7.053  91.082
1.960  5.000  6.723  85.057
1.970  5.000  6.403  79.017
1.980  5.000  6.283  73.557
1.990  5.000  6.095  68.699
2.000  5.000  5.893  63.175
2.010  5.000  5.804  57.829
2.020  5.000  5.585  53.234
2.030  5.000  5.385  48.041
2.040  5.000  5.248  42.437
2.050  5.000  5.021  37.518
2.060  5.000  4.892  33.268
2.070  5.000  4.716  28.837
2.080  5.000  4.591  24.356
2.090  5.000  4.475  20.306
2.100  5.000  4.299  15.925
2.110  5.000  4.222  11.193
2.120  5.000  4.009  6.538
2.130  5.000  3.903  2.320
2.140  5.000  3.887  -1.221
2.150  5.000  3.909  -4.544
2.160  5.000  3.732  -8.346
2.170  5.000  3.596  -12.413
2.180  5.000  3.518  -15.691
2.190  5.000  3.616  -18.236
2.200  5.000  3.458  -20.571
2.210  5.000  3.385  -22.736
2.220  5.000  3.380  -24.796
2.230  5.000  3.464  -26.523
2.240  5.000  3.438  -28.017
2.250  5.000  3.391  -29.463
2.260  5.000  3.433  -30.313
2.270  5.000  3.604  -30.240
2.280  5.000  3.704  -29.687
2.290  5.000  3.744  -29.085
2.300  5.000  3.749  -27.979
2.310  5.000  4.067  -26.087
2.320  5.000  4.423  -23.772
2.330  5.000  4.420  -21.246
2.340  5.000  4.795  -18.553
2.350  5.000  4.878  -15.758
2.360  5.000  5.060  -12.933
2.370  5.000  5.123  -10.009
2.380  5.000  5.284  -7.185
2.390  5.000  5.506  -4.672
2.400  5.000  5.445  -2.270
2.410  5.000  5.739  0.031
2.420  5.000  5.633  1.997
2.430  5.000  5.691  3.652
2.440  5.000  5.786  4.911
2.450  5.000  5.665  5.609
2.460  5.000  5.741  5.828
2.470  5.000  5.712  5.822
2.480  5.000  5.680  5.693
2.490  5.000  5.672  5.439
2.500  5.000  5.661  5.006
2.510  5.000  5.475  4.385
2.520  5.000  5.535  3.375
2.530  5.000  5.405  1.800
2.540  5.000  5.294  0.043
2.550  5.000  5.088  -1.544
2.560  5.000  4.997  -2.941
2.570  5.000  4.886  -4.413
2.580  5.000  4.762  -6.047
2.590  5.000  4.718  -7.678
2.600  5.000  4.664  -9.196
2.610  5.000  4.743  -10.621
2.620  5.000  4.670  -11.741
2.630  5.000  4.606  -12.602
2.640  5.000  4.542  -13.323
2.650  5.000  4.564  -13.620
2.660  5.000  4.716  -13.638
2.670  5.000  4.745  -13.603
2.680  5.000  4.756  -13.323
2.690  5.000  4.602  -12.885
2.700  5.000  4.814  -12.564
2.710  5.000  4.736  -12.288
2.720  5.000  4.766  -11.775
2.730  5.000  4.679  -11.179
2.740  5.000  4.713  -10.818
2.750  5.000  4.822  -10.504
2.760  5.000  4.849  -10.105
2.770  5.000  4.840  -9.594
2.780  5.000  4.880  -9.134
2.790  5.000  4.808  -8.674
2.800  5.000  4.871  -8.186
2.810  5.000  4.948  -7.677
2.820  5.000  4.989  -6.917
2.830  5.000  5.169  -6.213
2.840  5.000  5.095  -5.473
2.850  5.000  5.181  -4.807
2.860  5.000  5.021  -4.403
2.870  5.000  5.274  -4.241
2.880  5.000  5.010  -4.405
2.890  5.000  5.316  -4.307
2.900  5.000  5.183  -3.922
2.910  5.000  5.255  -3.775
2.920  5.000  5.284  -3.739
2.930  5.000  5.216  -3.506
2.940  5.000  5.293  -3.189
2.950  5.000  5.289  -3.109
2.960  5.000  5.258  -3.216
2.970  5.000  5.202  -3.034
2.980  5.000  5.307  -2.834
2.990  5.000  5.236  -3.071
3.000  5.000  5.197  -3.463
3.010  5.000  5.213  -3.872
3.020  5.000  5.196  -4.252
3.030  5.000  5.072  -4.584
3.040  5.000  5.243  -5.060
3.050  5.000  4.972  -5.722
3.060  5.000  5.066  -6.462
3.070  5.000  4.912  -7.142
3.080  5.000  4.912  -7.808
3.090  5.000  4.882  -8.596
3.100  5.000  4.915  -9.296
3.110  5.000  4.799  -9.691
3.120  5.000  4.835  -9.978
3.130  5.000  4.718  -10.394
3.140  5.000  4.781  -10.674
3.150  5.000  4.819  -10.885
3.160  5.000  4.872  -11.184
3.170  5.000  4.891  -11.332
3.180  5.000  4.753  -11.201
3.190  5.000  4.856  -10.971
3.200  5.000  4.896  -10.895
3.210  5.000  4.946  -10.891
3.220  5.000  4.794  -10.945
3.230  5.000  4.980  -10.953
3.240  5.000  4.988  -10.863
3.250  5.000  4.898  -10.649
3.260  5.000  4.935  -10.392
3.270  5.000  4.956  -10.315
3.280  5.000  4.955  -10.255
3.290  5.000  4.987  -10.143
3.300  5.000  4.868  -9.941
3.310  5.000  5.103  -9.661
3.320  5.000  4.876  -9.301
3.330  5.000  5.028  -8.922
3.340  5.000  4.897  -8.858
3.350  5.000  4.972  -8.941
3.360  5.000  4.980  -8.915
3.370  5.000  5.061  -8.883
3.380  5.000  5.056  -8.855
3.390  5.000  5.005  -8.550
3.400  5.000  5.173  -8.301
3.410  5.000  5.004  -8.309
3.420  5.000  5.130  -8.246
3.430  5.000  5.137  -8.142
3.440  5.000  5.021  -8.059
3.450  7.500  5.096  -8.126
3.460  10.000  5.241  -8.138
3.470  12.500  5.961  -7.028
3.480  15.000  6.655  -4.002
3.490  17.500  8.633  0.878
3.500  20.000  10.032  7.801
3.510  22.500  11.297  17.093
3.520  25.000  13.801  29.496
3.530  27.500  14.929  41.811
3.540  30.000  15.376  52.589
3.550  30.000  15.011  63.676
3.560  30.000  16.498  74.404
3.570  30.000  16.940  84.874
3.580  30.000  16.471  96.716
3.590  30.000  17.179  108.479
3.600  30.000  18.021  119.571
3.610  30.000  18.927  130.807
3.620  30.000  19.109  141.204
3.630  30.000  19.822  151.290
3.640  30.000  20.063  161.260
3.650  30.000  19.986  172.677
3.660  30.000  20.568  185.681
3.670  30.000  21.041  197.549
3.680  30.000  21.411  207.561
3.690  30.000  21.873  217.227
3.700  30.000  22.733  227.053
3.710  30.000  22.765  237.036
3.720  30.000  23.066  246.849
3.730  30.000  23.636  256.048
3.740  30.000  24.000  264.965
3.750  30.000  24.192  273.836
3.760  30.000  24.807  282.598
3.770  30.000  25.009  291.287
3.780  30.000  25.716  299.800
3.790  30.000  25.515  309.202
3.800  30.000  26.103  320.356
3.810  30.000  26.798  330.658
3.820  30.000  27.211  339.040
3.830  30.000  27.629  347.157
3.840  30.000  27.523  355.803
3.850  30.000  28.595  364.007
3.860  30.000  28.417  371.904
3.870  30.000  28.577  379.791
3.880  30.000  29.729  387.191
3.890  30.000  29.284  394.665
3.900  30.000  29.727  402.385
3.910  30.000  30.888  409.804
3.920  30.000  30.048  416.852
3.930  30.000  30.565  423.968
3.940  30.000  31.145  430.805
3.950  30.000  31.336  437.489
3.960  30.000  31.189  444.198
3.970  30.000  30.508  450.771
3.980  30.000  30.923  456.999
3.990  30.000  31.518  462.729
4.000  30.000  31.607  468.063
4.010  30.000  31.944  473.314
4.020  30.000  32.190  478.123
4.030  30.000  31.247  482.155
4.040  30.000  31.490  485.500
4.050  30.000  31.823  488.366
4.060  30.000  32.148  490.803
4.070  30.000  31.426  492.499
4.080  30.000  31.206  493.458
4.090  30.000  30.645  493.569
4.100  30.000  30.497  492.725
4.110  30.000  29.949  490.901
4.120  30.000  28.800  487.840
4.130  30.000  28.643  483.887
4.140  30.000  29.736  480.203
4.150  30.000  29.716  476.889
4.160  30.000  29.747  473.610
4.170  30.000  29.555  470.767
4.180  30.000  29.533  468.258
4.190  30.000  29.664  465.798
4.200  30.000  29.306  463.272
4.210  30.000  29.454  460.951
4.220  30.000  29.432  459.091
4.230  30.000  29.506  457.495
4.240  30.000  29.021  456.282
4.250  30.000  29.077  455.654
4.260  30.000  29.272  455.322
4.270  30.000  29.168  455.090
4.280  30.000  29.809  455.150
4.290  30.000  29.842  455.543
4.300  30.000  29.698  456.255
4.310  30.000  29.797  457.261
4.320  30.000  29.765  458.560
4.330  30.000  29.688  460.110
4.340  30.000  30.146  461.527
4.350  30.000  29.942  462.655
4.360  30.000  29.900  463.851
4.370  30.000  30.040  465.325
4.380  30.000  30.148  466.828
4.390  30.000  30.319  468.263
4.400  30.000  30.010  469.737
4.410  30.000  30.557  471.100
4.420  30.000  29.994  472.300
4.430  30.000  30.053  473.387
4.440  30.000  30.501  474.220
4.450  5.000  29.923  474.883
4.460  5.000  29.790  475.200
4.470  5.000  27.444  473.850
4.480  5.000  23.684  467.899
4.490  5.000  20.996  457.898
4.500  5.000  20.646  448.389
4.510  5.000  20.098  440.096
4.520  5.000  19.487  431.425
4.530  5.000  19.376  422.119
4.540  5.000  19.007  412.014
4.550  5.000  18.514  401.468
4.560  5.000  18.072  392.240
4.570  5.000  17.895  383.251
4.580  5.000  17.582  373.973
4.590  5.000  17.311  364.536
4.600  5.000  17.133  354.228
4.610  5.000  16.638  344.183
4.620  5.000  16.013  335.396
4.630  5.000  15.597  326.995
4.640  5.000  15.758  317.788
4.650  5.000  15.000  308.705
4.660  5.000  14.698  300.386
4.670  5.000  14.685  292.660
4.680  5.000  14.293  285.418
4.690  5.000  13.829  278.497
4.700  5.000  13.534  271.458
4.710  5.000  13.265  264.343
4.720  5.000  12.712  257.205
4.730  5.000  12.422  250.144
4.740  5.000  12.077  243.506
4.750  5.000  12.096  236.115
4.760  5.000  11.646  227.954
4.770  5.000  11.379  220.079
4.780  5.000  11.192  212.508
4.790  5.000  10.810  204.997
4.800  5.000  10.595  197.360
4.810  5.000  10.350  189.648
4.820  5.000  10.046  181.971
4.830  5.000  9.882  174.889
4.840  5.000  9.672  168.537
4.850  5.000  9.371  162.682
4.860  5.000  9.096  157.148
4.870  5.000  8.881  150.961
4.880  5.000  8.660  144.256
4.890  5.000  8.361  138.166
4.900  5.000  8.384  131.863
4.910  5.000  8.043  125.651
4.920  5.000  7.672  119.580
4.930  5.000  7.515  113.523
4.940  5.000  7.261  107.669
4.950  5.000  7.307  101.517
4.960  5.000  6.989  95.325
4.970  5.000  6.727  89.361
4.980  5.000  6.474  84.038
4.990  5.000  6.295  79.252
5.000  5.000  6.054  74.109
5.010  5.000  5.926  68.828
5.020  5.000  5.707  63.981
5.030  5.000  5.500  59.405
5.040  5.000  5.312  54.870
5.050  5.000  5.277  50.448
5.060  5.000  5.064  46.298
5.070  5.000  5.014  41.882
5.080  5.000  4.737  37.130
5.090  5.000  4.569  32.678
5.100  5.000  4.334  28.296
5.110  5.000  4.260  24.096
5.120  5.000  4.089  20.446
5.130  5.000  3.941  16.758
5.140  5.000  3.859  13.245
5.150  5.000  3.816  10.012
5.160  5.000  3.825  6.900
5.170  5.000  3.615  3.762
5.180  5.000  3.531  0.673
5.190  5.000  3.481  -2.045
5.200  5.000  3.538  -4.427
5.210  5.000  3.395  -6.778
5.220  5.000  3.378  -9.017
5.230  5.000  3.441  -10.926
5.240  5.000  3.470  -12.590
5.250  5.000  3.438  -13.929
5.260  5.000  3.361  -14.978
5.270  5.000  3.463  -15.728
5.280  5.000  3.791  -15.683
5.290  5.000  3.688  -14.938
5.300  5.000  3.599  -13.940
5.310  5.000  3.776  -12.570
5.320  5.000  4.251  -10.566
5.330  5.000  4.622  -8.007
5.340  5.000  4.551  -5.089
5.350  5.000  4.663  -2.050
5.360  5.000  5.002  0.985
5.370  5.000  5.064  4.020
5.380  5.000  5.165  7.080
5.390  5.000  5.399  10.018
5.400  5.000  5.530  12.631
5.410  5.000  5.395  15.257
5.420  5.000  5.834  17.735
5.430  5.000  5.982  19.762
5.440  5.000  5.584  21.362
5.450  5.000  5.768  22.479
5.460  5.000  5.767  23.076
5.470  5.000  5.726  23.426
5.480  5.000  5.752  23.706
5.490  5.000  5.906  23.962
5.500  5.000  5.638  24.169
5.510  5.000  5.492  24.086
5.520  5.000  5.464  23.386
5.530  5.000  5.322  22.067
5.540  5.000  5.154  20.780
5.550  5.000  5.219  19.543
5.560  5.000  5.099  18.046
5.570  5.000  5.016  16.316
5.580  5.000  4.969  14.375
5.590  5.000  4.936  12.508
5.600  5.000  4.737  10.864
5.610  5.000  4.597  9.349
5.620  5.000  4.594  7.967
5.630  5.000  4.626  6.763
5.640  5.000  4.569  5.756
5.650  5.000  4.602  5.178
5.660  5.000  4.660  4.914
5.670  5.000  4.588  4.907
5.680  5.000  4.701  5.068
5.690  5.000  4.670  5.011
5.700  5.000  4.577  5.123
5.710  5.000  4.685  5.647
5.720  5.000  4.745  6.283
5.730  5.000  4.772  6.673
5.740  5.000  4.719  6.935
5.750  5.000  4.679  7.431
5.760  5.000  4.670  7.964
5.770  5.000  4.869  8.444
5.780  5.000  4.933  9.013
5.790  5.000  4.952  9.583
5.800  5.000  4.850  10.158
5.810  5.000  4.954  10.729
5.820  5.000  4.995  11.422
5.830  5.000  5.141  12.170
5.840  5.000  5.093  12.905
5.850  5.000  5.096  13.732
5.860  5.000  5.107  14.387
5.870  5.000  5.179  14.972
5.880  5.000  5.305  15.574
5.890  5.000  5.224  15.998
5.900  5.000  5.371  16.309
5.910  5.000  5.331  16.549
5.920  5.000  5.325  16.602
5.930  5.000  5.344  16.627
5.940  5.000  5.192  16.772
5.950  5.000  5.298  16.838
5.960  5.000  5.276  16.822
5.970  5.000  5.277  16.934
5.980  5.000  5.339  16.949
5.990  5.000  5.166  16.609
6.000  5.000  5.252  16.035
6.010  5.000  5.129  15.546
6.020  5.000  5.125  15.270
6.030  5.000  5.021  14.947
6.040  5.000  5.114  14.311
6.050  5.000  4.997  13.569
6.060  5.000  4.999  12.892
6.070  5.000  4.860  12.183
6.080  5.000  4.782  11.513
6.090  5.000  4.809  10.850
6.100  5.000  4.840  10.259
6.110  5.000  4.834  10.059
6.120  5.000  4.798  10.066
6.130  5.000  4.802  9.788
6.140  5.000  4.849  9.428
6.150  5.000  4.906  9.414
6.160  5.000  4.919  9.598
6.170  5.000  4.780  9.695
6.180  5.000  4.758  9.609
6.190  5.000  4.964  9.505
6.200  5.000  4.932  9.669
6.210  5.000  4.940  10.076
6.220  5.000  4.907  10.517
6.230  5.000  4.830  10.881
6.240  5.000  5.002  10.843
6.250  5.000  4.910  10.757
6.260  5.000  4.901  10.923
6.270  5.000  4.986  10.925
6.280  5.000  4.840  10.891
6.290  5.000  4.924  11.172
6.300  5.000  4.960  11.675
6.310  5.000  4.950  12.103
6.320  5.000  4.994  12.452
6.330  5.000  4.962  12.813
6.340  5.000  4.949  13.352
6.350  5.000  5.109  13.970
6.360  5.000  5.048  14.421
6.370  5.000  4.974  14.673
6.380  5.000  4.993  14.812
6.390  5.000  4.983  14.932
6.400  5.000  5.154  14.910
6.410  5.000  4.992  14.880
6.420  5.000  5.159  14.754
6.430  5.000  5.114  14.600
6.440  5.000  5.150  14.631
6.450  5.000  5.138  14.575
6.460  7.500  5.116  14.440
6.470  10.000  5.271  14.242
6.480  12.500  5.843  14.897
6.490  15.000  6.514  17.531
6.500  17.500  8.723  21.970
6.510  20.000  10.116  28.250
6.520  22.500  11.422  36.965
6.530  25.000  14.054  46.676
6.540  27.500  15.218  56.881
6.550  30.000  14.758  67.894
6.560  30.000  15.024  79.074
6.570  30.000  16.148  90.033
6.580  30.000  16.269  100.249
6.590  30.000  16.705  110.514
6.600  30.000  17.937  120.961
6.610  30.000  17.489  131.184
6.620  30.000  18.755  141.260
6.630  30.000  18.201  152.906
6.640  30.000  19.286  165.298
6.650  30.000  19.724  176.000
6.660  30.000  20.005  186.348
6.670  30.000  20.179  196.932
6.680  30.000  21.527  206.920
6.690  30.000  21.587  216.528
6.700  30.000  22.376  225.926
6.710  30.000  22.825  234.999
6.720  30.000  23.419  244.194
6.730  30.000  23.358  253.731
6.740  30.000  23.875  262.977
6.750  30.000  24.215  271.536
6.760  30.000  24.110  280.484
6.770  30.000  25.062  289.240
6.780  30.000  24.912  297.863
6.790  30.000  25.459  306.931
6.800  30.000  26.095  315.520
6.810  30.000  26.931  323.391
6.820  30.000  26.769  331.331
6.830  30.000  26.780  339.551
6.840  30.000  27.575  347.460
6.850  30.000  28.548  354.757
6.860  30.000  28.051  361.813
6.870  30.000  28.975  368.777
6.880  30.000  29.033  375.952
6.890  30.000  29.825  383.474
6.900  30.000  29.856  390.834
6.910  30.000  30.654  397.680
6.920  30.000  30.348  404.765
6.930  30.000  30.960  412.074
6.940  30.000  30.151  419.676
6.950  30.000  30.988  427.224
6.960  30.000  30.877  434.027
6.970  30.000  31.562  440.753
6.980  30.000  31.564  447.008
6.990  30.000  30.776  452.918
7.000  30.000  32.089  458.234
7.010  30.000  32.539  462.988
7.020  30.000  31.372  467.459
7.030  30.000  30.816  471.509
7.040  30.000  31.291  474.869
7.050  30.000  31.290  477.748
7.060  30.000  31.770  480.261
7.070  30.000  31.082  482.208
7.080  30.000  31.214  483.445
7.090  30.000  30.577  483.843
7.100  30.000  30.267  483.385
7.110  30.000  29.585  481.939
7.120  30.000  29.559  479.496
7.130  30.000  29.993  476.362
7.140  30.000  29.783  473.216
7.150  30.000  29.840  470.186
7.160  30.000  29.645  467.105
7.170  30.000  29.573  464.231
7.180  30.000  29.608  461.499
7.190  30.000  29.418  458.943
7.200  30.000  29.522  456.764
7.210  30.000  29.558  454.872
7.220  30.000  29.620  453.089
7.230  30.000  29.401  451.510
7.240  30.000  29.691  450.312
7.250  30.000  29.160  449.421
7.260  30.000  28.864  448.754
7.270  30.000  29.258  448.159
7.280  30.000  29.668  447.752
7.290  30.000  29.434  447.934
7.300  30.000  29.803  448.704
7.310  30.000  30.052  449.703
7.320  30.000  29.311  450.909
7.330  30.000  30.390  452.205
7.340  30.000  29.365  453.432
7.350  30.000  30.264  454.653
7.360  30.000  29.597  456.035
7.370  30.000  30.007  457.526
7.380  30.000  30.378  458.742
7.390  30.000  30.096  459.897
7.400  30.000  30.636  461.079
7.410  30.000  30.019  462.089
7.420  30.000  30.358  462.900
7.430  30.000  30.161  463.756
7.440  30.000  30.281  464.564
7.450  30.000  30.270  465.062
7.460  5.000  30.131  465.456
7.470  5.000  29.770  465.567
7.480  5.000  27.672  464.214
7.490  5.000  23.644  459.248
7.500  5.000  20.851  450.109
7.510  5.000  20.899  440.261
7.520  5.000  20.644  431.639
7.530  5.000  19.550  422.848
7.540  5.000  18.864  414.009
7.550  5.000  18.236  404.637
7.560  5.000  18.093  395.505
7.570  5.000  17.913  387.418
7.580  5.000  18.066  379.426
7.590  5.000  17.840  371.257
7.600  5.000  16.981  362.218
7.610  5.000  16.817  352.572
7.620  5.000  16.506  343.729
7.630  5.000  16.221  335.835
7.640  5.000  15.877  326.909
7.650  5.000  15.434  317.544
7.660  5.000  15.133  309.254
7.670  5.000  14.989  300.658
7.680  5.000  14.297  292.323
7.690  5.000  14.207  284.896
7.700  5.000  13.595  277.466
7.710  5.000  13.518  269.959
7.720  5.000  13.154  262.734
7.730  5.000  12.606  255.174
7.740  5.000  12.398  247.514
7.750  5.000  12.041  240.668
7.760  5.000  12.141  234.158
7.770  5.000  11.632  227.752
7.780  5.000  11.502  221.352
7.790  5.000  10.936  214.849
7.800  5.000  10.546  208.239
7.810  5.000  10.401  201.593
7.820  5.000  10.279  195.026
7.830  5.000  9.965  188.868
7.840  5.000  9.701  182.324
7.850  5.000  9.342  175.121
7.860  5.000  9.180  168.655
7.870  5.000  9.011  162.756
7.880  5.000  8.738  156.699
7.890  5.000  8.424  150.735
7.900  5.000  8.319  145.076
7.910  5.000  8.041  139.360
7.920  5.000  7.810  133.693
7.930  5.000  7.576  128.362
7.940  5.000  7.406  122.888
7.950  5.000  7.108  117.044
7.960  5.000  6.964  111.381
7.970  5.000  6.884  105.783
7.980  5.000  6.623  100.102
7.990  5.000  6.361  94.470
8.000  5.000  6.274  89.205
8.010  5.000  6.047  84.276
8.020  5.000  5.852  79.234
8.030  5.000  5.741  74.281
8.040  5.000  5.432  69.132
8.050  5.000  5.238  63.968
8.060  5.000  5.107  58.691
8.070  5.000  4.981  53.828
8.080  5.000  4.699  49.062
8.090  5.000  4.671  44.436
8.100  5.000  4.535  40.441
8.110  5.000  4.427  36.474
8.120  5.000  4.287  32.518
8.130  5.000  4.169  28.638
8.140  5.000  4.058  24.811
8.150  5.000  3.879  21.145
8.160  5.000  3.812  17.867
8.170  5.000  3.781  14.733
8.180  5.000  3.659  11.761
8.190  5.000  3.610  8.863
8.200  5.000  3.578  5.897
8.210  5.000  3.522  3.158
8.220  5.000  3.407  0.785
8.230  5.000  3.398  -1.478
8.240  5.000  3.444  -3.592
8.250  5.000  3.509  -5.215
8.260  5.000  3.476  -6.547
8.270  5.000  3.347  -7.787
8.280  5.000  3.339  -8.495
8.290  5.000  3.981  -8.473
8.300  5.000  3.684  -8.212
8.310  5.000  3.626  -7.849
8.320  5.000  3.563  -6.541
8.330  5.000  4.119  -4.028
8.340  5.000  4.480  -1.108
8.350  5.000  4.857  1.427
8.360  5.000  4.813  3.707
8.370  5.000  4.989  6.127
8.380  5.000  5.023  8.916
8.390  5.000  5.303  11.482
8.400  5.000  5.375  13.643
8.410  5.000  5.428  16.043
8.420  5.000  5.619  18.834
8.430  5.000  5.628  21.587
8.440  5.000  5.740  23.637
8.450  5.000  5.570  25.100
8.460  5.000  5.648  26.051
8.470  5.000  5.735  26.499
8.480  5.000  5.791  26.718
8.490  5.000  5.792  26.935
8.500  5.000  5.751  27.145
8.510  5.000  5.597  27.108
8.520  5.000  5.617  26.666
8.530  5.000  5.435  25.826
8.540  5.000  5.420  24.517
8.550  5.000  5.257  22.955
8.560  5.000  5.238  21.407
8.570  5.000  5.092  19.682
8.580  5.000  5.009  17.798
8.590  5.000  4.938  15.960
8.600  5.000  4.871  14.005
8.610  5.000  4.716  12.103
8.620  5.000  4.664  10.398
8.630  5.000  4.692  8.815
8.640  5.000  4.709  7.374
8.650  5.000  4.674  6.185
8.660  5.000  4.674  5.176
8.670  5.000  4.655  4.202
8.680  5.000  4.621  3.641
8.690  5.000  4.680  3.622
8.700  5.000  4.467  3.900
8.710  5.000  4.638  4.100
8.720  5.000  4.730  4.083
8.730  5.000  4.753  4.062
8.740  5.000  4.708  3.908
8.750  5.000  4.629  3.883
8.760  5.000  4.637  4.206
8.770  5.000  4.642  4.509
8.780  5.000  4.703  4.831
8.790  5.000  4.948  5.337
8.800  5.000  4.947  5.807
8.810  5.000  4.921  6.149
8.820  5.000  4.931  6.565
8.830  5.000  5.118  7.170
8.840  5.000  5.222  7.873
8.850  5.000  5.244  8.353
8.860  5.000  5.131  8.550
8.870  5.000  5.150  8.769
8.880  5.000  5.078  9.110
8.890  5.000  5.184  9.455
8.900  5.000  5.217  9.740
8.910  5.000  5.216  9.947
8.920  5.000  5.322  10.087
8.930  5.000  5.321  10.277
8.940  5.000  5.230  10.517
8.950  5.000  5.309  10.589
8.960  5.000  5.279  10.491
8.970  5.000  5.173  10.556
8.980  5.000  5.279  10.824
8.990  5.000  5.223  11.005
9.000  5.000  5.189  11.187
9.010  5.000  5.287  11.191
9.020  5.000  5.152  10.865
9.030  5.000  5.173  10.355
9.040  5.000  5.123  9.739
9.050  5.000  5.118  9.133
9.060  5.000  5.030  8.560
9.070  5.000  5.048  7.877
9.080  5.000  5.003  6.991
9.090  5.000  4.916  6.158
9.100  5.000  4.921  5.350
9.110  5.000  4.783  4.613
9.120  5.000  4.976  4.035
9.130  5.000  4.820  3.408
9.140  5.000  4.763  2.936
9.150  5.000  4.797  2.665
9.160  5.000  4.871  2.511
9.170  5.000  4.735  2.556
9.180  5.000  4.816  2.631
9.190  5.000  4.871  2.728
9.200  5.000  4.867  2.799
9.210  5.000  4.682  3.021
9.220  5.000  4.771  3.511
9.230  5.000  4.840  3.789
9.240  5.000  4.849  3.930
9.250  5.000  4.841  4.189
9.260  5.000  4.949  4.391
9.270  5.000  4.894  4.564
9.280  5.000  4.933  4.865
9.290  5.000  4.997  5.021
9.300  5.000  4.920  5.105
9.310  5.000  4.937  5.356
9.320  5.000  4.952  5.536
9.330  5.000  5.083  5.728
9.340  5.000  5.007  5.951
9.350  5.000  5.004  6.101
9.360  5.000  4.985  6.294
9.370  5.000  5.088  6.379
9.380  5.000  5.133  6.346
9.390  5.000  5.206  6.396
9.400  5.000  5.019  6.439
9.410  5.000  5.122  6.464
9.420  5.000  4.917  6.659
9.430  5.000  5.037  6.879
9.440  5.000  5.094  6.809
9.450  5.000  5.119  6.701
9.460  5.000  5.108  7.001
9.470  7.500  5.199  7.223
9.480  10.000  5.084  7.114
9.490  12.500  5.900  7.798
9.500  15.000  6.675  10.264
9.510  17.500  8.638  14.680
9.520  20.000  10.108  21.646
9.530  22.500  11.214  32.212
9.540  25.000  13.874  43.886
9.550  27.500  15.116  54.101
9.560  30.000  15.185  64.189
9.570  30.000  15.415  76.664
9.580  30.000  17.074  89.011
9.590  30.000  16.463  99.557
9.600  30.000  17.029  110.731
9.610  30.000  17.569  122.670
9.620  30.000  18.768  134.200
9.630  30.000  18.851  145.090
9.640  30.000  19.295  155.816
9.650  30.000  19.820  166.449
9.660  30.000  19.608  177.266
9.670  30.000  20.993  186.965
9.680  30.000  21.175  196.039
9.690  30.000  21.051  205.629
9.700  30.000  21.815  215.116
9.710  30.000  22.419  224.346
9.720  30.000  22.839  233.307
9.730  30.000  23.361  242.150
9.740  30.000  22.990  253.191
9.750  30.000  23.617  264.337
9.760  30.000  23.131  274.647
9.770  30.000  24.632  285.035
9.780  30.000  24.556  294.553
9.790  30.000  25.488  304.106
9.800  30.000  25.829  312.904
9.810  30.000  26.174  320.718
9.820  30.000  26.391  328.735
9.830  30.000  27.361  336.788
9.840  30.000  27.440  344.525
9.850  30.000  27.319  352.718
9.860  30.000  27.783  361.087
9.870  30.000  28.439  369.102
9.880  30.000  28.308  376.872
9.890  30.000  29.210  384.298
9.900  30.000  29.341  391.272
9.910  30.000  28.880  398.782
9.920  30.000  29.627  406.744
9.930  30.000  29.812  414.255
9.940  30.000  30.336  421.830
9.950  30.000  31.317  429.208
9.960  30.000  31.699  435.992
9.970  30.000  31.713  442.245
9.980  30.000  30.836  448.357
9.990  30.000  30.936  454.305
10.000  30.000  31.171  459.800
10.010  30.000  31.519  465.255
10.020  30.000  31.913  470.622
10.030  30.000  31.766  475.571
10.040  30.000  31.570  479.625
10.050  30.000  31.563  483.181
10.060  30.000  31.949  486.291
10.070  30.000  31.729  489.218
10.080  30.000  31.048  492.064
10.090  30.000  31.197  494.372
10.100  30.000  31.200  495.952
10.110  30.000  31.052  496.607
10.120  30.000  30.904  496.406
10.130  30.000  30.907  495.369
10.140  30.000  29.682  493.307
10.150  30.000  28.869  489.915
10.160  30.000  28.373  485.570
10.170  30.000  28.747  481.257
10.180  30.000  29.521  477.350
10.190  30.000  29.670  473.702
10.200  30.000  29.261  470.374
10.210  30.000  29.635  467.300
10.220  30.000  29.215  464.329
10.230  30.000  29.608  461.624
10.240  30.000  29.051  459.424
10.250  30.000  29.323  457.640
10.260  30.000  29.539  456.140
10.270  30.000  29.273  455.049
10.280  30.000  29.237  454.215
10.290  30.000  29.187  453.612
10.300  30.000  29.271  453.269
10.310  30.000  29.775  453.183
10.320  30.000  29.817  453.497
10.330  30.000  29.542  454.233
10.340  30.000  29.902  455.240
10.350  30.000  29.347  456.651
10.360  30.000  29.830  458.498
10.370  30.000  29.781  460.438
10.380  30.000  30.005  462.329
10.390  30.000  30.082  464.270
10.400  30.000  30.144  466.040
10.410  30.000  30.083  467.530
10.420  30.000  30.368  469.003
10.430  30.000  30.162  470.522
10.440  30.000  30.439  471.996
10.450  30.000  30.302  473.335
10.460  30.000  30.728  474.379
10.470  5.000  30.231  475.049
10.480  5.000  29.456  475.342
10.490  5.000  27.972  473.935
10.500  5.000  23.691  468.538
10.510  5.000  21.147  459.035
10.520  5.000  20.770  448.450
10.530  5.000  20.489  439.031
10.540  5.000  19.802  430.128
10.550  5.000  19.185  420.699
10.560  5.000  18.883  410.586
10.570  5.000  18.706  400.223
10.580  5.000  18.399  389.839
10.590  5.000  18.373  380.340
10.600  5.000  17.881  372.148
10.610  5.000  17.598  364.025
10.620  5.000  17.031  355.843
10.630  5.000  16.405  346.795
10.640  5.000  15.943  337.941
10.650  5.000  15.945  330.142
10.660  5.000  15.368  322.056
10.670  5.000  15.074  312.934
10.680  5.000  14.996  303.342
10.690  5.000  14.595  295.051
10.700  5.000  14.214  287.684
10.710  5.000  13.747  280.349
10.720  5.000  13.650  271.975
10.730  5.000  13.467  262.973
10.740  5.000  12.875  254.342
10.750  5.000  12.525  246.807
10.760  5.000  12.354  240.287
10.770  5.000  11.872  233.371
10.780  5.000  11.688  226.370
10.790  5.000  11.272  219.283
10.800  5.000  11.111  212.448
10.810  5.000  10.845  205.614
10.820  5.000  10.574  197.788
10.830  5.000  10.327  189.929
10.840  5.000  10.123  183.098
10.850  5.000  9.932  176.895
10.860  5.000  9.479  170.856
10.870  5.000  9.245  165.048
10.880  5.000  9.045  159.225
10.890  5.000  8.770  153.341
10.900  5.000  8.583  147.595
10.910  5.000  8.342  141.849
10.920  5.000  8.078  136.035
10.930  5.000  8.018  129.790
10.940  5.000  7.754  123.635
10.950  5.000  7.481  117.653
10.960  5.000  7.351  111.655
10.970  5.000  7.039  106.237
10.980  5.000  6.881  101.120
10.990  5.000  6.671  95.947
11.000  5.000  6.584  90.788
11.010  5.000  6.371  85.195
11.020  5.000  6.148  79.432
11.030  5.000  5.953  74.205
11.040  5.000  5.764  69.139
11.050  5.000  5.600  63.682
11.060  5.000  5.402  58.518
11.070  5.000  5.162  53.565
11.080  5.000  5.028  48.627
11.090  5.000  4.845  43.910
11.100  5.000  4.721  38.916
11.110  5.000  4.543  34.602
11.120  5.000  4.447  30.280
11.130  5.000  4.267  25.513
11.140  5.000  4.161  20.986
11.150  5.000  4.027  16.413
11.160  5.000  3.953  12.322
11.170  5.000  3.901  9.118
11.180  5.000  3.877  6.232
11.190  5.000  3.714  3.329
11.200  5.000  3.588  0.120
11.210  5.000  3.589  -2.986
11.220  5.000  3.609  -5.590
11.230  5.000  3.425  -7.905
11.240  5.000  3.410  -10.205
11.250  5.000  3.357  -12.529
11.260  5.000  3.512  -14.544
11.270  5.000  3.502  -16.132
11.280  5.000  3.397  -17.421
11.290  5.000  3.435  -18.420
11.300  5.000  3.626  -18.798
11.310  5.000  3.714  -18.427
11.320  5.000  3.782  -17.719
11.330  5.000  3.607  -16.820
11.340  5.000  4.114  -15.413
11.350  5.000  4.271  -13.061
11.360  5.000  4.602  -10.132
11.370  5.000  4.700  -7.228
11.380  5.000  4.994  -4.401
11.390  5.000  4.905  -1.775
11.400  5.000  5.238  0.921
11.410  5.000  5.374  3.686
11.420  5.000  5.384  6.188
11.430  5.000  5.496  8.557
11.440  5.000  5.673  10.844
11.450  5.000  5.662  12.856
11.460  5.000  5.690  14.555
11.470  5.000  5.717  15.755
11.480  5.000  5.728  16.410
11.490  5.000  5.815  16.746
11.500  5.000  5.822  16.914
11.510  5.000  5.773  16.945
11.520  5.000  5.672  16.838
11.530  5.000  5.591  16.545
11.540  5.000  5.606  15.839
11.550  5.000  5.395  14.612
11.560  5.000  5.349  13.150
11.570  5.000  5.258  11.597
11.580  5.000  5.081  9.821
11.590  5.000  4.977  8.000
11.600  5.000  4.932  6.217
11.610  5.000  4.780  4.575
11.620  5.000  4.651  3.143
11.630  5.000  4.611  1.675
11.640  5.000  4.660  0.165
11.650  5.000  4.603  -1.092
11.660  5.000  4.711  -2.042
11.670  5.000  4.644  -2.748
11.680  5.000  4.570  -3.477
11.690  5.000  4.706  -4.223
11.700  5.000  4.689  -4.608
11.710  5.000  4.660  -4.695
11.720  5.000  4.590  -4.755
11.730  5.000  4.664  -4.628
11.740  5.000  4.685  -3.953
11.750  5.000  4.700  -3.088
11.760  5.000  4.672  -2.465
11.770  5.000  4.753  -2.050
11.780  5.000  4.695  -1.820
11.790  5.000  4.819  -1.646
11.800  5.000  4.946  -1.342
11.810  5.000  4.784  -0.889
11.820  5.000  4.994  -0.498
11.830  5.000  4.954  -0.127
11.840  5.000  4.999  0.395
11.850  5.000  5.084  1.232
11.860  5.000  5.138  2.219
11.870  5.000  5.128  3.023
11.880  5.000  5.161  3.678
11.890  5.000  5.031  4.136
11.900  5.000  5.283  4.435
11.910  5.000  5.409  4.432
11.920  5.000  5.299  4.268
11.930  5.000  5.323  4.182
11.940  5.000  5.267  4.285
11.950  5.000  5.164  4.635
11.960  5.000  5.304  4.821
11.970  5.000  5.376  4.694
11.980  5.000  5.340  4.683
11.990  5.000  5.127  5.104
12.000  5.000  5.169  5.521
12.010  5.000  5.223  5.704
12.020  5.000  5.259  5.640
12.030  5.000  5.178  5.349
12.040  5.000  5.115  4.934
12.050  5.000  5.154  4.261
12.060  5.000  5.152  3.314
12.070  5.000  5.098  2.297
12.080  5.000  5.000  1.415
12.090  5.000  4.981  0.625
12.100  5.000  4.899  -0.211
12.110  5.000  4.945  -1.129
12.120  5.000  4.867  -1.961
12.130  5.000  4.782  -2.667
12.140  5.000  4.806  -3.535
12.150  5.000  4.743  -4.161
12.160  5.000  4.823  -4.437
12.170  5.000  4.768  -4.838
12.180  5.000  4.852  -5.186
12.190  5.000  4.870  -5.480
12.200  5.000  4.760  -5.769
12.210  5.000  4.845  -5.825
12.220  5.000  4.790  -5.672
12.230  5.000  4.866  -5.523
12.240  5.000  4.906  -5.291
12.250  5.000  4.886  -5.109
12.260  5.000  4.863  -5.067
12.270  5.000  4.918  -5.170
12.280  5.000  4.805  -5.288
12.290  5.000  4.874  -5.032
12.300  5.000  4.955  -4.647
12.310  5.000  4.948  -4.465
12.320  5.000  4.954  -4.410
12.330  5.000  4.930  -4.425
12.340  5.000  4.963  -4.494
12.350  5.000  5.104  -4.514
12.360  5.000  4.979  -4.265
12.370  5.000  5.107  -4.042
12.380  5.000  5.026  -4.046
12.390  5.000  5.076  -3.932
12.400  5.000  5.012  -3.712
12.410  5.000  5.058  -3.383
12.420  5.000  5.166  -3.184
12.430  5.000  5.083  -3.262
12.440  5.000  5.113  -3.224
12.450  5.000  4.978  -2.930
12.460  5.000  5.116  -2.810
12.470  5.000  5.107  -2.791
12.480  7.500  4.983  -2.653
12.490  10.000  5.056  -2.515
12.500  12.500  6.184  -1.485
12.510  15.000  6.569  1.595
12.520  17.500  8.333  6.784
12.530  20.000  9.960  14.249
12.540  22.500  11.345  23.804
12.550  25.000  13.850  34.375
12.560  27.500  14.733  45.900
12.570  30.000  15.384  56.977
12.580  30.000  15.673  67.736
12.590  30.000  16.493  78.963
12.600  30.000  17.180  90.269
12.610  30.000  18.035  101.281
12.620  30.000  17.673  112.150
12.630  30.000  18.338  122.699
12.640  30.000  19.046  133.028
12.650  30.000  18.814  143.571
12.660  30.000  19.584  153.716
12.670  30.000  20.443  163.534
12.680  30.000  20.702  172.681
12.690  30.000  20.567  182.494
12.700  30.000  21.364  192.481
12.710  30.000  21.789  202.134
12.720  30.000  21.991  211.816
12.730  30.000  22.436  220.955
12.740  30.000  22.966  229.855
12.750  30.000  23.385  238.856
12.760  30.000  23.167  248.130
12.770  30.000  23.944  256.973
12.780  30.000  24.496  265.120
12.790  30.000  25.505  272.809
12.800  30.000  25.254  281.442
12.810  30.000  25.726  290.852
12.820  30.000  26.036  299.290
12.830  30.000  26.349  307.312
12.840  30.000  27.322  315.262
12.850  30.000  27.553  323.594
12.860  30.000  27.352  332.338
12.870  30.000  27.795  340.470
12.880  30.000  28.362  348.211
12.890  30.000  28.916  355.638
12.900  30.000  29.480  362.906
12.910  30.000  29.523  370.578
12.920  30.000  29.329  378.681
12.930  30.000  30.212  386.265
12.940  30.000  30.268  393.286
12.950  30.000  30.366  400.082
12.960  30.000  31.083  406.608
12.970  30.000  31.347  413.035
12.980  30.000  31.420  419.493
12.990  30.000  30.995  425.945
13.000  30.000  30.936  432.125
13.010  30.000  30.953  437.858
13.020  30.000  31.088  443.157
13.030  30.000  31.616  448.380
13.040  30.000  32.170  453.425
13.050  30.000  31.445  458.074
13.060  30.000  31.249  462.252
13.070  30.000  31.537  465.988
13.080  30.000  32.170  469.108
13.090  30.000  31.944  471.624
13.100  30.000  30.639  473.496
13.110  30.000  30.800  474.475
13.120  30.000  30.507  474.407
13.130  30.000  30.077  473.215
13.140  30.000  30.315  470.809
13.150  30.000  29.280  467.376
13.160  30.000  29.451  463.427
13.170  30.000  30.008  459.540
13.180  30.000  29.332  455.982
13.190  30.000  29.471  452.781
13.200  30.000  29.393  449.914
13.210  30.000  29.652  447.130
13.220  30.000  29.466  444.475
13.230  30.000  29.167  442.364
13.240  30.000  29.496  440.694
13.250  30.000  29.328  439.298
13.260  30.000  29.168  438.337
13.270  30.000  29.225  437.636
13.280  30.000  28.982  437.126
13.290  30.000  29.529  437.013
13.300  30.000  29.093  437.306
13.310  30.000  29.720  437.897
13.320  30.000  30.085  438.779
13.330  30.000  29.356  440.082
13.340  30.000  30.366  441.650
13.350  30.000  29.441  443.166
13.360  30.000  30.635  444.438
13.370  30.000  29.514  445.689
13.380  30.000  30.645  446.932
13.390  30.000  29.633  448.244
13.400  30.000  30.684  449.458
13.410  30.000  29.927  450.323
13.420  30.000  30.442  451.173
13.430  30.000  30.143  452.111
13.440  30.000  29.999  453.158
13.450  30.000  30.332  453.969
13.460  30.000  30.022  454.461
13.470  30.000  30.581  454.803
13.480  5.000  29.681  455.014
13.490  5.000  30.206  454.810
13.500  5.000  27.313  453.018
13.510  5.000  23.063  446.708
13.520  5.000  20.789  436.976
13.530  5.000  20.767  427.997
13.540  5.000  20.090  419.656
13.550  5.000  19.906  410.985
13.560  5.000  19.171  401.932
13.570  5.000  18.745  391.452
13.580  5.000  18.485  380.590
13.590  5.000  18.239  371.332
13.600  5.000  18.114  362.357
13.610  5.000  17.199  352.572
13.620  5.000  17.207  343.821
13.630  5.000  17.545  335.911
13.640  5.000  16.603  327.626
13.650  5.000  16.200  318.476
13.660  5.000  15.982  309.503
13.670  5.000  15.572  301.552
13.680  5.000  15.011  292.973
13.690  5.000  14.699  283.848
13.700  5.000  14.552  275.262
13.710  5.000  14.014  267.548
13.720  5.000  13.900  259.363
13.730  5.000  13.316  250.618
13.740  5.000  12.880  241.957
13.750  5.000  12.860  233.747
13.760  5.000  12.441  226.591
13.770  5.000  12.078  219.223
13.780  5.000  12.013  211.858
13.790  5.000  11.681  204.641
13.800  5.000  11.160  197.477
13.810  5.000  11.130  190.944
13.820  5.000  10.604  184.605
13.830  5.000  10.275  177.838
13.840  5.000  10.099  170.409
13.850  5.000  9.853  162.818
13.860  5.000  9.792  155.959
13.870  5.000  9.394  149.242
13.880  5.000  9.046  141.771
13.890  5.000  8.967  134.858
13.900  5.000  8.809  129.045
13.910  5.000  8.572  123.526
13.920  5.000  8.290  117.149
13.930  5.000  7.943  110.304
13.940  5.000  7.779  104.103
13.950  5.000  7.650  98.442
13.960  5.000  7.485  92.528
13.970  5.000  7.267  86.704
13.980  5.000  7.072  81.601
13.990  5.000  6.886  76.078
14.000  5.000  6.605  69.933
14.010  5.000  6.467  64.370
14.020  5.000  6.189  59.495
14.030  5.000  6.177  54.131
14.040  5.000  5.866  48.732
14.050  5.000  5.702  44.117
14.060  5.000  5.549  39.632
14.070  5.000  5.425  35.096
14.080  5.000  5.220  30.062
14.090  5.000  4.995  25.100
14.100  5.000  4.834  20.896
14.110  5.000  4.634  16.738
14.120  5.000  4.494  12.015
14.130  5.000  4.355  7.113
14.140  5.000  4.215  2.315
14.150  5.000  4.168  -2.445
14.160  5.000  3.986  -6.427
14.170  5.000  3.864  -10.034
14.180  5.000  3.866  -13.578
14.190  5.000  3.776  -16.737
14.200  5.000  3.623  -19.855
14.210  5.000  3.489  -22.894
14.220  5.000  3.548  -25.660
14.230  5.000  3.485  -28.123
14.240  5.000  3.438  -30.339
14.250  5.000  3.409  -32.453
14.260  5.000  3.410  -34.489
14.270  5.000  3.436  -36.127
14.280  5.000  3.384  -37.190
14.290  5.000  3.388  -38.084
14.300  5.000  3.510  -38.795
14.310  5.000  3.651  -38.838
14.320  5.000  3.717  -38.268
14.330  5.000  3.616  -37.406
14.340  5.000  3.987  -36.005
14.350  5.000  4.481  -33.972
14.360  5.000  4.573  -31.583
14.370  5.000  4.739  -29.051
14.380  5.000  4.911  -26.469
14.390  5.000  4.881  -23.639
14.400  5.000  4.990  -20.685
14.410  5.000  5.388  -17.973
14.420  5.000  5.264  -15.323
14.430  5.000  5.671  -12.733
14.440  5.000  5.622  -10.455
14.450  5.000  5.608  -8.531
14.460  5.000  5.600  -6.797
14.470  5.000  5.602  -5.115
14.480  5.000  5.690  -3.923
14.490  5.000  5.801  -3.523
14.500  5.000  5.738  -3.545
14.510  5.000  5.755  -3.487
14.520  5.000  5.818  -3.286
14.530  5.000  5.524  -3.339
14.540  5.000  5.594  -3.997
14.550  5.000  5.545  -5.171
14.560  5.000  5.340  -6.592
14.570  5.000  5.235  -8.255
14.580  5.000  5.140  -10.167
14.590  5.000  5.019  -12.012
14.600  5.000  4.994  -13.679
14.610  5.000  4.892  -15.356
14.620  5.000  4.803  -17.092
14.630  5.000  4.712  -18.650
14.640  5.000  4.681  -20.196
14.650  5.000  4.729  -21.765
14.660  5.000  4.611  -23.069
14.670  5.000  4.593  -24.109
14.680  5.000  4.583  -24.802
14.690  5.000  4.679  -25.425
14.700  5.000  4.739  -26.034
14.710  5.000  4.651  -26.227
14.720  5.000  4.656  -25.950
14.730  5.000  4.663  -25.562
14.740  5.000  4.645  -25.115
14.750  5.000  4.559  -24.458
14.760  5.000  4.625  -23.916
14.770  5.000  4.718  -23.714
14.780  5.000  4.741  -23.651
14.790  5.000  4.682  -23.397
14.800  5.000  4.812  -22.939
14.810  5.000  4.894  -22.473
14.820  5.000  5.000  -21.764
14.830  5.000  4.912  -20.834
14.840  5.000  4.959  -20.054
14.850  5.000  5.002  -19.317
14.860  5.000  5.048  -18.487
14.870  5.000  5.204  -17.794
14.880  5.000  5.125  -17.060
14.890  5.000  5.053  -16.309
14.900  5.000  5.167  -15.897
14.910  5.000  5.192  -15.592
14.920  5.000  5.344  -15.314
14.930  5.000  5.369  -15.134
14.940  5.000  5.243  -14.951
14.950  5.000  5.306  -14.618
14.960  5.000  5.303  -14.131
14.970  5.000  5.273  -13.701
14.980  5.000  5.243  -13.418
14.990  5.000  5.267  -13.167
15.000  5.000  5.297  -13.011
15.010  5.000  5.284  -13.076
15.020  5.000  5.119  -13.128
15.030  5.000  5.277  -13.118
15.040  5.000  5.198  -13.244
15.050  5.000  5.260  -13.636
15.060  5.000  4.968  -14.274
15.070  5.000  5.148  -14.830
15.080  5.000  5.194  -15.520
15.090  5.000  5.088  -16.467
15.100  5.000  5.004  -17.434
15.110  5.000  4.880  -18.517
15.120  5.000  4.841  -19.574
15.130  5.000  4.724  -20.418
15.140  5.000  4.777  -21.086
15.150  5.000  4.703  -21.629
15.160  5.000  4.863  -22.062
15.170  5.000  4.813  -22.295
15.180  5.000  4.806  -22.390
15.190  5.000  4.780  -22.564
15.200  5.000  4.861  -22.782
15.210  5.000  4.977  -23.001
15.220  5.000  4.860  -23.068
15.230  5.000  4.838  -22.989
15.240  5.000  4.952  -22.861
15.250  5.000  4.847  -22.660
15.260  5.000  4.832  -22.548
15.270  5.000  4.901  -22.336
15.280  5.000  4.887  -22.022
15.290  5.000  4.939  -21.653
15.300  5.000  4.862  -21.386
15.310  5.000  5.003  -21.340
15.320  5.000  5.075  -21.523
15.330  5.000  5.061  -21.990
15.340  5.000  5.046  -22.405
15.350  5.000  5.027  -22.611
15.360  5.000  4.921  -22.677
15.370  5.000  4.973  -22.512
15.380  5.000  5.084  -22.227
15.390  5.000  5.049  -21.864
15.400  5.000  5.043  -21.679
15.410  5.000  5.073  -21.866
15.420  5.000  5.228  -22.166
15.430  5.000  5.030  -22.412
15.440  5.000  5.081  -22.498
15.450  5.000  5.167  -22.451
15.460  5.000  5.167  -22.160
15.470  5.000  5.052  -21.769
15.480  5.000  5.055  -21.555
15.490  7.500  4.974  -21.285
15.500  10.000  5.116  -20.822
15.510  12.500  5.800  -19.712
15.520  15.000  6.532  -17.230
15.530  17.500  8.832  -13.175
15.540  20.000  9.920  -6.803
15.550  22.500  11.094  3.184
15.560  25.000  13.903  14.701
15.570  27.500  14.700  27.696
15.580  30.000  15.453  40.101
15.590  30.000  15.428  51.971
15.600  30.000  15.987  66.010
15.610  30.000  16.842  78.590
15.620  30.000  17.556  89.310
15.630  30.000  17.327  101.298
15.640  30.000  17.683  114.839
15.650  30.000  18.278  128.411
15.660  30.000  19.185  140.973
15.670  30.000  19.416  151.543
15.680  30.000  20.537  160.609
15.690  30.000  20.915  169.376
15.700  30.000  20.518  179.103
15.710  30.000  21.468  188.724
15.720  30.000  21.341  198.485
15.730  30.000  22.044  208.642
15.740  30.000  22.783  218.083
15.750  30.000  23.074  226.897
15.760  30.000  22.951  235.564
15.770  30.000  23.785  244.827
15.780  30.000  23.874  254.208
15.790  30.000  24.828  262.894
15.800  30.000  25.137  271.348
15.810  30.000  25.458  279.856
15.820  30.000  26.261  287.859
15.830  30.000  25.742  296.176
15.840  30.000  26.680  304.666
15.850  30.000  26.176  312.975
15.860  30.000  26.742  321.513
15.870  30.000  27.928  329.951
15.880  30.000  28.080  338.042
15.890  30.000  28.337  345.363
15.900  30.000  29.083  352.525
15.910  30.000  28.797  360.331
15.920  30.000  29.661  368.258
15.930  30.000  29.708  375.815
15.940  30.000  29.861  383.299
15.950  30.000  30.772  390.710
15.960  30.000  30.328  398.057
15.970  30.000  31.104  405.018
15.980  30.000  31.534  411.459
15.990  30.000  31.468  418.094
16.000  30.000  31.506  424.658
16.010  30.000  30.642  430.541
16.020  30.000  31.855  435.750
16.030  30.000  31.646  440.926
16.040  30.000  31.056  446.469
16.050  30.000  31.802  451.723
16.060  30.000  31.127  456.420
16.070  30.000  31.744  460.513
16.080  30.000  31.809  463.973
16.090  30.000  31.425  467.069
16.100  30.000  31.008  469.746
16.110  30.000  31.155  471.767
16.120  30.000  31.018  472.884
16.130  30.000  30.440  472.951
16.140  30.000  30.180  472.150
16.150  30.000  29.284  470.504
16.160  30.000  29.055  467.564
16.170  30.000  29.502  463.927
16.180  30.000  29.661  460.585
16.190  30.000  29.429  457.630
16.200  30.000  29.958  454.778
16.210  30.000  29.356  452.029
16.220  30.000  29.621  449.535
16.230  30.000  29.188  447.161
16.240  30.000  29.662  445.131
16.250  30.000  29.393  443.557
16.260  30.000  29.340  442.316
16.270  30.000  29.341  441.401
16.280  30.000  29.385  440.750
16.290  30.000  29.231  440.285
16.300  30.000  29.589  439.933
16.310  30.000  29.687  439.731
16.320  30.000  29.493  439.668
16.330  30.000  29.528  439.751
16.340  30.000  30.132  440.250
16.350  30.000  29.724  441.233
16.360  30.000  30.269  442.382
16.370  30.000  29.395  443.540
16.380  30.000  30.055  444.678
16.390  30.000  29.757  445.968
16.400  30.000  30.157  447.407
16.410  30.000  30.145  448.739
16.420  30.000  30.051  449.956
16.430  30.000  30.164  451.184
16.440  30.000  30.277  452.382
16.450  30.000  29.913  453.407
16.460  30.000  30.247  454.421
16.470  30.000  30.291  455.424
16.480  30.000  30.441  456.300
16.490  5.000  30.231  456.773
16.500  5.000  30.039  456.558
16.510  5.000  27.688  454.680
16.520  5.000  23.472  448.290
16.530  5.000  20.951  438.171
16.540  5.000  20.877  428.583
16.550  5.000  20.345  419.784
16.560  5.000  19.535  410.932
16.570  5.000  19.013  402.354
16.580  5.000  18.480  392.821
16.590  5.000  18.426  382.489
16.600  5.000  18.377  372.571
16.610  5.000  17.961  362.696
16.620  5.000  17.548  353.772
16.630  5.000  17.470  345.210
16.640  5.000  16.848  335.619
16.650  5.000  16.736  325.794
16.660  5.000  16.025  316.639
16.670  5.000  15.803  308.929
16.680  5.000  15.049  300.950
16.690  5.000  14.732  292.775
16.700  5.000  14.475  285.425
16.710  5.000  14.555  278.295
16.720  5.000  13.862  271.536
16.730  5.000  13.657  264.777
16.740  5.000  13.300  258.117
16.750  5.000  13.209  251.365
16.760  5.000  12.753  244.384
16.770  5.000  12.326  236.831
16.780  5.000  12.202  229.547
16.790  5.000  11.882  222.790
16.800  5.000  11.669  215.763
16.810  5.000  11.667  209.010
16.820  5.000  11.123  202.446
16.830  5.000  10.644  195.628
16.840  5.000  10.446  188.247
16.850  5.000  10.242  180.646
16.860  5.000  9.855  173.585
16.870  5.000  9.722  167.293
16.880  5.000  9.527  160.634
16.890  5.000  9.259  153.975
16.900  5.000  8.939  148.249
16.910  5.000  8.830  142.062
16.920  5.000  8.493  135.783
16.930  5.000  8.296  129.704
16.940  5.000  8.122  123.955
16.950  5.000  7.851  118.266
16.960  5.000  7.721  112.355
16.970  5.000  7.553  106.534
16.980  5.000  7.269  100.430
16.990  5.000  7.093  94.731
17.000  5.000  6.850  89.091
17.010  5.000  6.687  83.657
17.020  5.000  6.529  78.083
17.030  5.000  6.191  72.470
17.040  5.000  6.113  67.564
17.050  5.000  5.865  63.003
17.060  5.000  5.638  58.280
17.070  5.000  5.476  53.585
17.080  5.000  5.365  48.889
17.090  5.000  5.140  44.236
17.100  5.000  5.000  39.720
17.110  5.000  4.821  35.272
17.120  5.000  4.705  31.289
17.130  5.000  4.538  27.291
17.140  5.000  4.322  23.221
17.150  5.000  4.313  19.366
17.160  5.000  4.177  15.289
17.170  5.000  3.976  11.351
17.180  5.000  3.856  8.107
17.190  5.000  3.842  4.874
17.200  5.000  3.779  1.180
17.210  5.000  3.616  -2.827
17.220  5.000  3.519  -6.716
17.230  5.000  3.572  -9.895
17.240  5.000  3.525  -12.283
17.250  5.000  3.415  -14.375
17.260  5.000  3.371  -16.417
17.270  5.000  3.405  -18.257
17.280  5.000  3.432  -19.551
17.290  5.000  3.421  -20.639
17.300  5.000  3.413  -21.719
17.310  5.000  3.533  -22.419
17.320  5.000  3.766  -22.382
17.330  5.000  3.644  -21.518
17.340  5.000  3.575  -20.310
17.350  5.000  3.780  -18.916
17.360  5.000  4.180  -17.175
17.370  5.000  4.595  -14.932
17.380  5.000  4.593  -12.055
17.390  5.000  4.833  -8.850
17.400  5.000  5.054  -5.908
17.410  5.000  4.965  -3.139
17.420  5.000  5.284  -0.462
17.430  5.000  5.508  2.038
17.440  5.000  5.687  4.325
17.450  5.000  5.682  6.360
17.460  5.000  5.562  8.384
17.470  5.000  5.553  10.240
17.480  5.000  5.703  11.690
17.490  5.000  5.709  12.662
17.500  5.000  5.748  13.338
17.510  5.000  5.762  13.782
17.520  5.000  5.763  14.001
17.530  5.000  5.756  14.165
17.540  5.000  5.484  14.206
17.550  5.000  5.471  14.101
17.560  5.000  5.639  13.816
17.570  5.000  5.443  13.043
17.580  5.000  5.275  11.798
17.590  5.000  5.139  10.353
17.600  5.000  5.084  8.988
17.610  5.000  4.936  7.672
17.620  5.000  4.860  6.136
17.630  5.000  4.772  4.537
17.640  5.000  4.732  3.033
17.650  5.000  4.703  1.623
17.660  5.000  4.619  0.396
17.670  5.000  4.625  -0.650
17.680  5.000  4.718  -1.555
17.690  5.000  4.691  -2.336
17.700  5.000  4.709  -2.885
17.710  5.000  4.717  -3.362
17.720  5.000  4.703  -3.741
17.730  5.000  4.654  -3.810
17.740  5.000  4.722  -3.720
17.750  5.000  4.716  -3.293
17.760  5.000  4.608  -2.640
17.770  5.000  4.706  -2.184
17.780  5.000  4.644  -1.825
17.790  5.000  4.687  -1.526
17.800  5.000  4.750  -1.351
17.810  5.000  4.751  -1.012
17.820  5.000  4.934  -0.393
17.830  5.000  4.958  0.087
17.840  5.000  4.855  0.502
17.850  5.000  4.936  1.020
17.860  5.000  4.941  1.554
17.870  5.000  4.993  2.397
17.880  5.000  5.141  3.370
17.890  5.000  5.255  4.219
17.900  5.000  5.270  5.089
17.910  5.000  5.143  5.991
17.920  5.000  5.246  6.565
17.930  5.000  5.267  6.744
17.940  5.000  5.252  6.884
17.950  5.000  5.209  7.044
17.960  5.000  5.272  7.142
17.970  5.000  5.342  7.135
17.980  5.000  5.446  7.102
17.990  5.000  5.228  7.173
18.000  5.000  5.252  7.253
18.010  5.000  5.244  7.316
18.020  5.000  5.269  7.284
18.030  5.000  5.240  7.016
18.040  5.000  5.095  6.637
18.050  5.000  5.127  6.056
18.060  5.000  5.032  5.245
18.070  5.000  5.072  4.699
18.080  5.000  5.006  4.256
18.090  5.000  5.105  3.459
18.100  5.000  4.865  2.733
18.110  5.000  4.947  2.373
18.120  5.000  4.740  2.216
18.130  5.000  5.015  1.932
18.140  5.000  4.906  1.481
18.150  5.000  4.857  1.228
18.160  5.000  4.746  1.045
18.170  5.000  4.774  0.831
18.180  5.000  4.785  0.638
18.190  5.000  4.776  0.658
18.200  5.000  4.790  0.987
18.210  5.000  4.801  1.445
18.220  5.000  4.803  1.960
18.230  5.000  4.776  2.584
18.240  5.000  4.871  3.369
18.250  5.000  5.022  3.864
18.260  5.000  4.821  3.980
18.270  5.000  4.993  4.124
18.280  5.000  4.920  4.462
18.290  5.000  4.959  4.811
18.300  5.000  4.917  5.093
18.310  5.000  5.064  5.372
18.320  5.000  5.004  5.575
18.330  5.000  4.922  5.801
18.340  5.000  4.948  6.085
18.350  5.000  4.900  6.359
18.360  5.000  5.058  6.696
18.370  5.000  5.147  6.968
18.380  5.000  5.053  7.123
18.390  5.000  5.049  7.272
18.400  5.000  5.037  7.572
18.410  5.000  5.147  8.038
18.420  5.000  5.070  8.497
18.430  5.000  5.208  8.860
18.440  5.000  5.046  9.201
18.450  5.000  5.100  9.585
18.460  5.000  5.172  9.879
18.470  5.000  5.143  10.170
18.480  5.000  5.115  10.406
18.490  5.000  5.087  10.646
18.500  7.500  5.032  10.917
18.510  10.000  5.195  11.001
18.520  12.500  5.782  11.589
18.530  15.000  6.805  13.471
18.540  17.500  8.544  17.226
18.550  20.000  10.177  23.378
18.560  22.500  11.193  32.941
18.570  25.000  13.662  44.368
18.580  27.500  15.146  55.997
18.590  30.000  14.840  69.060
18.600  30.000  16.191  81.452
18.610  30.000  16.019  92.442
18.620  30.000  16.863  103.177
18.630  30.000  16.722  113.819
18.640  30.000  18.038  125.056
18.650  30.000  18.273  136.397
18.660  30.000  18.661  146.661
18.670  30.000  18.749  156.976
18.680  30.000  19.580  167.831
18.690  30.000  19.864  178.334
18.700  30.000  20.270  188.688
18.710  30.000  20.281  198.532
18.720  30.000  21.445  207.832
18.730  30.000  21.362  217.181
18.740  30.000  22.059  227.438
18.750  30.000  22.839  237.245
18.760  30.000  22.668  246.187
18.770  30.000  22.918  255.709
18.780  30.000  23.100  265.584
18.790  30.000  24.349  274.763
18.800  30.000  24.833  283.442
18.810  30.000  24.558  292.907
18.820  30.000  25.791  302.210
18.830  30.000  25.016  311.667
18.840  30.000  25.721  321.141
18.850  30.000  26.752  329.613
18.860  30.000  26.800  337.921
18.870  30.000  27.416  346.091
18.880  30.000  27.771  353.883
18.890  30.000  28.081  361.695
18.900  30.000  28.016  370.798
18.910  30.000  28.853  379.774
18.920  30.000  29.150  388.127
18.930  30.000  30.132  396.183
18.940  30.000  29.402  403.382
18.950  30.000  29.804  410.704
18.960  30.000  29.832  418.500
18.970  30.000  30.505  426.053
18.980  30.000  30.963  432.971
18.990  30.000  30.768  439.740
19.000  30.000  31.474  446.316
19.010  30.000  31.597  452.702
19.020  30.000  31.241  459.160
19.030  30.000  31.078  465.356
19.040  30.000  32.051  470.628
19.050  30.000  32.628  475.302
19.060  30.000  31.365  479.937
19.070  30.000  31.386  484.108
19.080  30.000  31.311  487.658
19.090  30.000  31.775  490.799
19.100  30.000  32.145  493.461
19.110  30.000  30.943  495.757
19.120  30.000  30.989  497.614
19.130  30.000  31.532  498.737
19.140  30.000  31.291  499.141
19.150  30.000  31.179  498.811
19.160  30.000  30.355  497.791
19.170  30.000  29.566  495.773
19.180  30.000  28.641  492.465
19.190  30.000  28.663  488.342
19.200  30.000  28.773  483.989
19.210  30.000  29.258  479.806
19.220  30.000  29.619  476.058
19.230  30.000  29.305  472.934
19.240  30.000  29.515  470.038
19.250  30.000  29.258  467.191
19.260  30.000  29.402  464.744
19.270  30.000  29.356  462.747
19.280  30.000  29.427  461.038
19.290  30.000  29.282  459.728
19.300  30.000  29.050  458.950
19.310  30.000  29.009  458.448
19.320  30.000  29.507  457.995
19.330  30.000  29.476  457.990
19.340  30.000  29.458  458.577
19.350  30.000  29.602  459.473
19.360  30.000  29.665  460.674
19.370  30.000  30.275  461.995
19.380  30.000  29.861  463.320
19.390  30.000  29.888  464.766
19.400  30.000  30.170  466.123
19.410  30.000  30.235  467.157
19.420  30.000  30.150  468.235
19.430  30.000  30.390  469.380
19.440  30.000  29.886  470.358
19.450  30.000  30.271  471.263
19.460  30.000  30.152  472.132
19.470  30.000  30.180  472.858
19.480  30.000  30.052  473.616
19.490  30.000  30.306  474.347
19.500  5.000  30.196  474.854
19.510  5.000  29.734  475.123
19.520  5.000  27.211  473.805
19.530  5.000  23.378  467.970
19.540  5.000  20.684  458.184
19.550  5.000  20.881  448.574
19.560  5.000  20.530  440.080
19.570  5.000  19.768  430.764
19.580  5.000  19.086  420.410
19.590  5.000  18.844  410.781
19.600  5.000  18.747  401.911
19.610  5.000  18.333  393.346
19.620  5.000  17.761  384.964
19.630  5.000  17.502  376.411
19.640  5.000  17.499  368.151
19.650  5.000  16.692  360.254
19.660  5.000  16.720  352.237
19.670  5.000  15.877  343.284
19.680  5.000  15.858  333.683
19.690  5.000  15.390  323.857
19.700  5.000  15.194  314.437
19.710  5.000  14.800  306.276
19.720  5.000  14.471  298.095
19.730  5.000  14.346  289.382
19.740  5.000  13.619  281.329
19.750  5.000  13.276  273.986
19.760  5.000  13.083  266.969
19.770  5.000  12.940  259.775
19.780  5.000  12.502  252.203
19.790  5.000  12.129  245.181
19.800  5.000  11.855  237.905
19.810  5.000  11.585  230.783
19.820  5.000  11.261  223.801
19.830  5.000  10.838  216.765
19.840  5.000  10.756  210.553
19.850  5.000  10.362  203.641
19.860  5.000  10.283  196.019
19.870  5.000  10.029  188.404
19.880  5.000  9.819  181.001
19.890  5.000  9.514  174.218
19.900  5.000  9.482  167.426
19.910  5.000  9.117  160.676
19.920  5.000  8.843  154.693
19.930  5.000  8.701  148.949
19.940  5.000  8.532  143.228
19.950  5.000  8.173  137.162
19.960  5.000  7.989  130.305
19.970  5.000  7.614  123.423
19.980  5.000  7.410  116.796
19.990  5.000  7.285  110.502
20.000  5.000  6.868  104.377
20.010  5.000  6.818  98.178
20.020  5.000  6.626  92.429
20.030  5.000  6.402  86.726
20.040  5.000  6.352  80.853
20.050  5.000  6.124  75.117
20.060  5.000  5.978  69.836
20.070  5.000  5.705  64.594
20.080  5.000  5.486  59.208
20.090  5.000  5.312  54.036
20.100  5.000  5.087  49.198
20.110  5.000  4.999  44.412
20.120  5.000  4.859  39.417
20.130  5.000  4.644  34.876
20.140  5.000  4.503  30.756
20.150  5.000  4.371  26.749
20.160  5.000  4.263  22.797
20.170  5.000  4.195  19.021
20.180  5.000  4.045  15.331
20.190  5.000  3.844  11.553
20.200  5.000  3.764  7.977
20.210  5.000  3.730  4.798
20.220  5.000  3.645  1.682
20.230  5.000  3.567  -1.481
20.240  5.000  3.573  -4.344
20.250  5.000  3.506  -6.830
20.260  5.000  3.438  -9.066
20.270  5.000  3.383  -11.159
20.280  5.000  3.403  -13.056
20.290  5.000  3.504  -14.635
20.300  5.000  3.390  -16.057
20.310  5.000  3.294  -17.309
20.320  5.000  3.473  -17.989
20.330  5.000  3.591  -17.639
20.340  5.000  3.598  -16.649
20.350  5.000  3.560  -15.547
20.360  5.000  3.948  -13.934
20.370  5.000  4.313  -11.670
20.380  5.000  4.520  -9.151
20.390  5.000  4.704  -6.622
20.400  5.000  4.831  -3.870
20.410  5.000  5.197  -1.039
20.420  5.000  5.206  1.540
20.430  5.000  5.294  4.011
20.440  5.000  5.535  6.272
20.450  5.000  5.548  8.348
20.460  5.000  5.558  10.432
20.470  5.000  5.649  12.347
20.480  5.000  5.598  13.869
20.490  5.000  5.519  15.222
20.500  5.000  5.576  16.396
20.510  5.000  5.694  16.870
20.520  5.000  5.824  16.676
20.530  5.000  5.716  16.354
20.540  5.000  5.736  16.249
20.550  5.000  5.805  16.216
20.560  5.000  5.389  15.941
20.570  5.000  5.359  15.221
20.580  5.000  5.389  14.105
20.590  5.000  5.279  12.822
20.600  5.000  5.177  11.417
20.610  5.000  5.101  9.697
20.620  5.000  5.125  7.676
20.630  5.000  4.852  5.894
20.640  5.000  4.834  4.261
20.650  5.000  4.780  2.408
20.660  5.000  4.671  0.726
20.670  5.000  4.589  -0.770
20.680  5.000  4.601  -2.217
20.690  5.000  4.551  -3.191
20.700  5.000  4.688  -3.769
20.710  5.000  4.631  -4.315
20.720  5.000  4.646  -4.671
20.730  5.000  4.597  -4.653
20.740  5.000  4.593  -4.278
20.750  5.000  4.713  -3.726
20.760  5.000  4.789  -3.282
20.770  5.000  4.753  -3.011
20.780  5.000  4.755  -2.813
20.790  5.000  4.731  -2.625
20.800  5.000  4.723  -2.303
20.810  5.000  4.815  -1.881
20.820  5.000  4.805  -1.370
20.830  5.000  4.914  -0.748
20.840  5.000  5.055  -0.321
20.850  5.000  4.964  -0.014
20.860  5.000  4.952  0.515
20.870  5.000  4.992  0.840
20.880  5.000  5.042  0.898
20.890  5.000  5.139  1.137
20.900  5.000  5.103  1.589
20.910  5.000  5.227  2.041
20.920  5.000  5.172  2.256
20.930  5.000  5.079  2.438
20.940  5.000  5.173  2.779
20.950  5.000  5.107  3.056
20.960  5.000  5.289  3.134
20.970  5.000  5.139  3.158
20.980  5.000  5.063  3.326
20.990  5.000  5.107  3.672
21.000  5.000  5.163  4.125
21.010  5.000  5.227  4.638
21.020  5.000  5.335  4.945
21.030  5.000  5.214  5.042
21.040  5.000  5.135  5.234
21.050  5.000  5.327  5.375
21.060  5.000  5.216  5.272
21.070  5.000  5.251  5.184
21.080  5.000  5.093  5.198
21.090  5.000  5.282  4.937
21.100  5.000  5.211  4.533
21.110  5.000  5.003  4.300
21.120  5.000  5.126  3.917
21.130  5.000  4.999  3.278
21.140  5.000  4.942  2.579
21.150  5.000  5.006  1.883
21.160  5.000  4.957  1.279
21.170  5.000  4.963  0.622
21.180  5.000  4.868  -0.185
21.190  5.000  4.823  -1.123
21.200  5.000  4.809  -2.016
21.210  5.000  4.773  -2.642
21.220  5.000  4.877  -3.043
21.230  5.000  4.863  -3.176
21.240  5.000  4.831  -3.125
21.250  5.000  4.861  -3.049
21.260  5.000  4.918  -3.074
21.270  5.000  4.892  -3.258
21.280  5.000  4.776  -3.523
21.290  5.000  4.779  -3.746
21.300  5.000  4.774  -3.929
21.310  5.000  4.928  -4.071
21.320  5.000  4.896  -4.151
21.330  5.000  4.908  -4.109
21.340  5.000  4.909  -4.027
21.350  5.000  4.868  -4.039
21.360  5.000  4.846  -3.997
21.370  5.000  4.867  -3.942
21.380  5.000  4.997  -4.047
21.390  5.000  4.942  -4.235
21.400  5.000  4.873  -4.387
21.410  5.000  5.008  -4.579
21.420  5.000  4.974  -4.766
21.430  5.000  5.109  -4.824
21.440  5.000  5.004  -4.748
21.450  5.000  5.043  -4.718
21.460  5.000  4.982  -4.803
21.470  5.000  4.952  -5.022
21.480  5.000  5.189  -5.442
21.490  5.000  5.082  -5.677
21.500  5.000  5.091  -5.632
21.510  7.500  5.105  -5.627
21.520  10.000  5.026  -5.349
21.530  12.500  6.178  -3.951
21.540  15.000  6.876  -0.651
21.550  17.500  8.746  4.989
21.560  20.001  10.610  12.797
21.570  22.500  11.560  23.164
21.580  25.000  13.873  34.874
21.590  27.500  14.718  46.113
21.600  30.000  14.731  57.399
21.610  30.000  15.638  70.619
21.620  30.000  16.229  83.222
21.630  30.000  16.860  93.520
21.640  30.000  17.265  105.313
21.650  30.000  17.662  116.939
21.660  30.000  17.823  127.229
21.670  30.000  19.019  137.244
21.680  30.000  19.303  147.350
21.690  30.000  19.643  157.927
21.700  30.000  20.541  168.450
21.710  30.000  20.412  178.683
21.720  30.000  20.490  190.362
