# covent_pc_6
# Captured 2020-06-18 14:21:21.358220 by unknown user
# Built at revision 65ecf17 (dirty)
time(sec)  pc_setpoint  pressure  volume
0.000  10.000  9.833  -50.702
0.010  10.000  9.910  -52.285
0.020  10.000  10.112  -53.890
0.030  10.000  10.000  -55.435
0.040  10.000  9.824  -57.007
0.050  10.000  9.895  -58.510
0.060  10.000  9.986  -60.041
0.070  10.000  9.993  -61.497
0.080  10.000  9.945  -62.725
0.090  10.000  10.035  -64.000
0.100  10.000  9.922  -65.327
0.110  10.000  9.900  -66.726
0.120  10.000  9.832  -68.053
0.130  10.000  10.016  -69.189
0.140  10.000  10.070  -70.315
0.150  10.000  10.124  -71.410
0.160  10.000  9.936  -72.521
0.170  10.000  9.827  -73.567
0.180  10.000  9.842  -74.497
0.190  10.000  9.906  -75.490
0.200  10.000  9.977  -76.529
0.210  10.000  9.967  -77.570
0.220  10.000  9.794  -78.518
0.230  10.000  9.975  -79.361
0.240  10.000  9.905  -80.208
0.250  10.000  9.946  -81.166
0.260  10.000  9.851  -82.215
0.270  10.000  9.803  -83.193
0.280  10.000  9.775  -84.090
0.290  10.000  9.701  -84.977
0.300  10.000  9.711  -85.768
0.310  10.000  9.702  -86.396
0.320  10.000  9.723  -87.116
0.330  10.000  9.700  -87.913
0.340  10.000  9.698  -88.654
0.350  10.000  9.790  -89.313
0.360  10.000  9.956  -89.985
0.370  10.000  10.035  -90.668
0.380  10.000  9.985  -91.171
0.390  10.000  9.909  -91.591
0.400  10.000  10.043  -92.099
0.410  10.000  9.898  -92.603
0.420  10.000  9.933  -92.886
0.430  10.000  10.068  -93.137
0.440  10.000  10.027  -93.544
0.450  10.000  9.863  -94.003
0.460  10.000  9.993  -94.500
0.470  10.000  9.907  -94.917
0.480  10.000  10.004  -95.191
0.490  10.000  9.955  -95.375
0.500  10.000  9.914  -95.553
0.510  10.000  10.008  -95.867
0.520  10.000  10.021  -96.135
0.530  10.000  10.054  -96.200
0.540  10.000  10.085  -96.392
0.550  10.000  9.851  -96.682
0.560  10.000  9.848  -96.839
0.570  10.000  9.922  -96.992
0.580  10.000  10.113  -97.149
0.590  10.000  9.911  -97.267
0.600  10.000  9.854  -97.301
0.610  10.000  10.018  -97.261
0.620  10.000  10.001  -97.283
0.630  10.000  9.987  -97.290
0.640  10.000  9.854  -97.056
0.650  10.000  9.997  -96.709
0.660  10.000  10.093  -96.479
0.670  10.000  9.946  -96.467
0.680  10.000  9.987  -96.453
0.690  10.000  9.873  -96.260
0.700  10.000  9.984  -96.070
0.710  10.000  9.792  -95.829
0.720  10.000  9.951  -95.528
0.730  10.000  10.270  -95.255
0.740  10.000  10.012  -94.927
0.750  10.000  10.034  -94.658
0.760  10.000  10.172  -94.518
0.770  10.000  9.949  -94.387
0.780  10.000  9.978  -94.260
0.790  10.000  9.952  -94.015
0.800  10.000  9.923  -93.613
0.810  10.000  9.915  -93.229
0.820  10.000  9.797  -92.908
0.830  10.000  9.936  -92.573
0.840  10.000  10.010  -92.176
0.850  10.000  10.142  -91.772
0.860  10.000  10.083  -91.354
0.870  10.000  10.083  -90.968
0.880  10.000  9.981  -90.554
0.890  10.000  10.172  -90.107
0.900  10.000  9.900  -89.777
0.910  10.000  10.112  -89.425
0.920  10.000  9.986  -89.038
0.930  10.000  10.043  -88.796
0.940  10.000  10.076  -88.546
0.950  10.000  9.909  -88.091
0.960  10.000  9.903  -87.623
0.970  10.000  10.041  -87.381
0.980  10.000  9.991  -87.316
0.990  10.000  10.033  -87.267
1.000  10.000  10.034  -87.214
1.010  10.000  10.038  -87.066
1.020  10.000  9.798  -86.720
1.030  10.000  9.911  -86.314
1.040  10.000  9.952  -86.003
1.050  10.000  10.061  -85.672
1.060  10.000  9.903  -85.126
1.070  10.000  9.984  -84.468
1.080  10.000  9.899  -83.851
1.090  10.000  10.068  -83.304
1.100  10.000  10.073  -82.813
1.110  10.000  9.927  -82.191
1.120  10.000  9.860  -81.367
1.130  10.000  10.073  -80.466
1.140  10.000  9.971  -79.664
1.150  10.000  10.125  -79.058
1.160  10.000  10.094  -78.491
1.170  10.000  10.239  -77.872
1.180  10.000  9.908  -77.394
1.190  10.000  9.985  -77.013
1.200  10.000  9.948  -76.601
1.210  10.000  10.073  -76.154
1.220  10.000  9.943  -75.676
1.230  10.000  9.956  -75.251
1.240  10.000  10.216  -74.866
1.250  10.000  9.977  -74.472
1.260  10.000  9.898  -74.059
1.270  10.000  10.125  -73.837
1.280  10.000  10.035  -73.752
1.290  10.000  9.756  -73.504
1.300  10.000  9.999  -73.241
1.310  10.000  10.140  -73.072
1.320  10.000  9.893  -72.901
1.330  10.000  10.090  -72.701
1.340  10.000  9.973  -72.502
1.350  10.000  9.877  -72.214
1.360  10.000  10.173  -71.892
1.370  10.000  10.003  -71.699
1.380  10.000  9.863  -71.546
1.390  10.000  10.107  -71.368
1.400  10.000  9.980  -71.062
1.410  10.000  10.068  -70.723
1.420  10.000  9.992  -70.475
1.430  10.000  10.093  -70.312
1.440  10.000  9.887  -70.165
1.450  10.000  9.985  -70.027
1.460  10.000  9.999  -69.966
1.470  10.000  9.831  -69.919
1.480  10.000  9.909  -69.864
1.490  10.000  10.062  -69.655
1.500  10.000  9.998  -69.288
1.510  10.000  10.056  -68.966
1.520  10.000  10.024  -68.769
1.530  10.000  9.797  -68.340
1.540  10.000  10.153  -67.592
1.550  10.000  9.937  -66.892
1.560  10.000  9.953  -66.301
1.570  10.000  10.010  -65.884
1.580  10.000  10.084  -65.720
1.590  10.000  10.063  -65.619
1.600  10.000  9.972  -65.408
1.610  10.000  10.012  -65.031
1.620  10.000  10.163  -64.576
1.630  10.000  10.148  -64.247
1.640  10.000  10.053  -64.140
1.650  10.000  9.986  -64.002
1.660  10.000  10.037  -63.795
1.670  10.000  9.938  -63.821
1.680  10.000  9.880  -63.882
1.690  10.000  9.923  -63.812
1.700  10.000  10.048  -63.766
1.710  10.000  9.815  -63.449
1.720  10.000  9.879  -62.902
1.730  10.000  10.063  -62.586
1.740  10.000  9.827  -62.495
1.750  10.000  10.131  -62.366
1.760  10.000  10.066  -62.059
1.770  10.000  9.961  -61.709
1.780  10.000  10.122  -61.444
1.790  10.000  9.949  -61.192
1.800  10.000  9.910  -60.843
1.810  10.000  9.864  -60.380
1.820  10.000  9.889  -59.691
1.830  10.000  10.113  -58.967
1.840  10.000  10.024  -58.432
1.850  10.000  9.977  -57.815
1.860  10.000  10.096  -57.082
1.870  10.000  9.844  -56.423
1.880  10.000  10.271  -56.069
1.890  10.000  10.037  -55.982
1.900  10.000  10.183  -55.940
1.910  10.000  9.881  -55.669
1.920  10.000  10.027  -55.028
1.930  10.000  9.910  -54.517
1.940  10.000  10.203  -54.232
1.950  10.000  10.072  -53.959
1.960  10.000  9.836  -53.549
1.970  10.000  10.031  -53.070
1.980  10.000  10.039  -52.860
1.990  10.000  9.903  -52.732
2.000  10.000  9.873  -52.384
2.010  10.000  9.925  -51.931
2.020  10.000  9.792  -51.505
2.030  10.000  9.920  -51.080
2.040  10.000  10.042  -50.632
2.050  10.000  10.063  -49.973
2.060  10.000  9.989  -49.139
2.070  10.000  9.890  -48.321
2.080  10.000  10.141  -47.575
2.090  10.000  9.964  -46.861
2.100  10.000  10.127  -46.188
2.110  10.000  10.180  -45.734
2.120  10.000  10.061  -45.420
2.130  10.000  10.126  -45.024
2.140  10.000  10.158  -44.698
2.150  10.000  10.000  -44.456
2.160  10.000  9.852  -44.120
2.170  10.000  10.054  -43.771
2.180  10.000  9.947  -43.418
2.190  10.000  10.089  -43.071
2.200  10.000  9.933  -42.841
2.210  10.000  10.015  -42.682
2.220  10.000  9.958  -42.602
2.230  10.000  9.872  -42.465
2.240  10.000  10.111  -42.172
2.250  10.000  9.983  -41.946
2.260  10.000  9.871  -41.746
2.270  10.000  9.897  -41.537
2.280  10.000  9.975  -41.389
2.290  10.000  9.924  -41.183
2.300  10.000  9.769  -40.721
2.310  10.000  9.989  -40.053
2.320  10.000  10.024  -39.382
2.330  10.000  10.006  -38.741
2.340  10.000  9.935  -38.027
2.350  10.000  10.161  -37.418
2.360  10.000  10.035  -36.934
2.370  10.000  10.206  -36.562
2.380  10.000  10.010  -36.285
2.390  10.000  10.166  -36.044
2.400  10.000  10.184  -35.933
2.410  10.000  10.025  -35.877
2.420  10.000  9.951  -35.868
2.430  10.000  10.115  -35.955
2.440  10.000  9.943  -35.900
2.450  10.000  10.002  -35.655
2.460  10.000  9.948  -35.448
2.470  10.000  10.135  -35.396
2.480  10.000  9.950  -35.441
2.490  10.000  10.021  -35.459
2.500  10.000  9.682  -35.386
2.510  10.000  9.943  -35.170
2.520  10.000  10.027  -34.976
2.530  10.000  9.971  -34.683
2.540  10.000  9.985  -34.208
2.550  10.000  10.072  -33.772
2.560  10.000  9.970  -33.358
2.570  10.000  9.952  -32.935
2.580  10.000  9.835  -32.573
2.590  10.000  9.912  -32.095
2.600  10.000  10.016  -31.563
2.610  10.000  9.903  -31.059
2.620  10.000  9.834  -30.419
2.630  10.000  10.182  -29.792
2.640  10.000  9.916  -29.237
2.650  10.000  9.887  -28.646
2.660  10.000  10.033  -28.054
2.670  10.000  10.027  -27.555
2.680  10.000  10.229  -27.161
2.690  10.000  10.045  -26.746
2.700  10.000  9.976  -26.228
2.710  10.000  10.099  -25.748
2.720  10.000  10.131  -25.285
2.730  10.000  9.876  -24.697
2.740  10.000  10.103  -24.130
2.750  10.000  9.996  -23.607
2.760  10.000  10.170  -23.195
2.770  10.000  10.041  -22.808
2.780  10.000  10.051  -22.386
2.790  10.000  9.845  -22.157
2.800  10.000  10.012  -21.871
2.810  10.000  10.094  -21.523
2.820  10.000  10.020  -21.250
2.830  10.000  9.819  -21.047
2.840  10.000  9.946  -20.845
2.850  10.000  9.988  -20.465
2.860  10.000  9.883  -20.084
2.870  10.000  10.224  -19.818
2.880  10.000  10.177  -19.661
2.890  10.000  9.990  -19.545
2.900  10.000  9.977  -19.388
2.910  10.000  9.964  -19.086
2.920  10.000  9.889  -18.757
2.930  10.000  9.829  -18.520
2.940  10.000  9.936  -18.144
2.950  10.000  10.056  -17.639
2.960  10.000  10.062  -17.094
2.970  10.000  9.821  -16.445
2.980  10.000  10.128  -15.919
2.990  10.000  9.894  -15.634
3.000  10.000  9.844  -15.311
3.010  10.000  10.106  -14.865
3.020  10.000  10.094  -14.347
3.030  10.000  10.030  -13.645
3.040  10.000  10.095  -12.907
3.050  10.000  10.127  -12.506
3.060  10.000  10.054  -12.301
3.070  10.000  10.015  -12.019
3.080  10.000  10.183  -11.770
3.090  10.000  10.054  -11.655
3.100  10.000  9.886  -11.516
3.110  10.000  9.805  -11.301
3.120  10.000  9.975  -10.977
3.130  10.000  9.823  -10.421
3.140  10.000  9.929  -9.725
3.150  12.500  10.098  -9.280
3.160  15.000  10.434  -8.753
3.170  17.500  11.627  -7.348
3.180  20.000  16.084  -4.756
3.190  22.500  21.031  -0.714
3.200  25.000  27.161  4.318
3.210  27.500  29.769  9.415
3.220  30.000  29.796  14.074
3.230  32.500  28.110  18.548
3.240  35.000  28.303  23.320
3.250  35.000  32.048  28.773
3.260  35.000  34.350  34.992
3.270  35.000  36.072  41.226
3.280  35.000  36.962  47.048
3.290  35.000  36.985  52.593
3.300  35.000  36.928  57.646
3.310  35.000  34.900  61.908
3.320  35.000  33.860  66.262
3.330  35.000  34.657  71.480
3.340  35.000  34.983  76.696
3.350  35.000  35.328  81.459
3.360  35.000  34.667  86.013
3.370  35.000  34.726  90.323
3.380  35.000  34.385  94.593
3.390  35.000  34.458  99.124
3.400  35.000  35.345  104.120
3.410  35.000  35.652  109.307
3.420  35.000  35.729  114.319
3.430  35.000  34.527  119.276
3.440  35.000  34.692  123.884
3.450  35.000  34.950  128.497
3.460  35.000  35.062  133.265
3.470  35.000  35.469  137.758
3.480  35.000  35.150  142.336
3.490  35.000  34.342  146.897
3.500  35.000  35.139  151.090
3.510  35.000  34.740  155.154
3.520  35.000  35.628  159.386
3.530  35.000  35.357  164.052
3.540  35.000  34.876  168.507
3.550  35.000  33.725  172.744
3.560  35.000  34.622  177.390
3.570  35.000  35.934  182.185
3.580  35.000  36.699  186.775
3.590  35.000  35.317  190.778
3.600  35.000  34.232  194.454
3.610  35.000  33.393  198.270
3.620  35.000  35.293  202.210
3.630  35.000  36.360  206.081
3.640  35.000  35.656  209.944
3.650  35.000  34.133  213.706
3.660  35.000  34.052  217.396
3.670  35.000  34.591  221.490
3.680  35.000  36.610  225.716
3.690  35.000  36.683  229.560
3.700  35.000  35.223  233.180
3.710  35.000  34.466  236.702
3.720  35.000  33.766  239.838
3.730  35.000  33.720  242.785
3.740  35.000  35.244  246.213
3.750  35.000  36.463  250.078
3.760  35.000  35.854  253.695
3.770  35.000  33.709  256.986
3.780  35.000  34.070  260.009
3.790  35.000  35.339  263.378
3.800  35.000  36.224  267.037
3.810  35.000  34.914  270.059
3.820  35.000  34.588  272.866
3.830  35.000  35.068  275.837
3.840  35.000  34.677  279.062
3.850  35.000  35.049  282.180
3.860  35.000  35.182  285.168
3.870  35.000  35.185  288.296
3.880  35.000  35.177  291.310
3.890  35.000  34.728  294.412
3.900  35.000  34.863  297.920
3.910  35.000  35.694  301.282
3.920  35.000  35.005  304.488
3.930  35.000  35.076  307.701
3.940  35.000  34.856  310.854
3.950  35.000  35.276  313.877
3.960  35.000  34.645  316.856
3.970  35.000  35.527  319.896
3.980  35.000  34.881  322.835
3.990  35.000  34.679  325.773
4.000  35.000  35.142  328.678
4.010  35.000  35.144  331.613
4.020  35.000  35.351  334.552
4.030  35.000  35.361  337.316
4.040  35.000  35.093  339.830
4.050  35.000  35.127  342.290
4.060  35.000  35.071  344.932
4.070  35.000  35.241  347.385
4.080  35.000  35.543  349.583
4.090  35.000  35.151  351.920
4.100  35.000  34.480  354.266
4.110  35.000  34.320  356.592
4.120  35.000  35.191  359.032
4.130  35.000  35.569  361.525
4.140  35.000  35.914  363.799
4.150  10.000  35.315  365.858
4.160  10.000  33.790  367.644
4.170  10.000  29.784  368.129
4.180  10.000  23.609  365.450
4.190  10.000  11.425  359.997
4.200  10.000  7.565  354.159
4.210  10.000  6.896  348.746
4.220  10.000  7.238  343.795
4.230  10.000  7.960  338.669
4.240  10.000  8.485  333.723
4.250  10.000  9.230  329.184
4.260  10.000  9.701  324.481
4.270  10.000  9.688  319.940
4.280  10.000  9.839  315.429
4.290  10.000  9.620  310.932
4.300  10.000  9.522  306.480
4.310  10.000  9.491  301.956
4.320  10.000  9.577  297.464
4.330  10.000  9.698  293.089
4.340  10.000  9.877  288.702
4.350  10.000  9.859  284.299
4.360  10.000  9.923  280.113
4.370  10.000  9.908  275.980
4.380  10.000  9.875  271.817
4.390  10.000  9.959  267.837
4.400  10.000  9.880  263.785
4.410  10.000  9.879  259.608
4.420  10.000  9.889  255.525
4.430  10.000  9.911  251.422
4.440  10.000  9.897  247.262
4.450  10.000  9.845  243.215
4.460  10.000  9.938  239.366
4.470  10.000  9.918  235.556
4.480  10.000  9.877  231.811
4.490  10.000  9.817  228.086
4.500  10.000  9.885  224.316
4.510  10.000  9.888  220.521
4.520  10.000  9.934  216.930
4.530  10.000  9.899  213.493
4.540  10.000  9.884  209.946
4.550  10.000  9.836  206.417
4.560  10.000  9.909  202.938
4.570  10.000  9.850  199.574
4.580  10.000  9.798  196.210
4.590  10.000  9.836  192.803
4.600  10.000  9.825  189.233
4.610  10.000  9.721  185.740
4.620  10.000  9.730  182.503
4.630  10.000  9.643  179.312
4.640  10.000  9.533  176.085
4.650  10.000  9.462  172.699
4.660  10.000  9.445  169.270
4.670  10.000  9.538  166.079
4.680  10.000  9.739  163.109
4.690  10.000  9.990  160.171
4.700  10.000  10.177  157.113
4.710  10.000  10.045  154.000
4.720  10.000  9.684  150.890
4.730  10.000  9.879  147.961
4.740  10.000  9.921  145.181
4.750  10.000  10.020  142.328
4.760  10.000  9.952  139.476
4.770  10.000  9.933  136.676
4.780  10.000  10.051  133.862
4.790  10.000  9.905  130.957
4.800  10.000  9.793  128.216
4.810  10.000  9.796  125.540
4.820  10.000  10.033  122.866
4.830  10.000  10.167  120.268
4.840  10.000  10.019  117.741
4.850  10.000  9.833  115.256
4.860  10.000  9.810  112.697
4.870  10.000  9.886  110.170
4.880  10.000  10.094  107.872
4.890  10.000  10.075  105.686
4.900  10.000  9.947  103.454
4.910  10.000  9.734  101.257
4.920  10.000  9.924  99.020
4.930  10.000  10.128  96.906
4.940  10.000  10.081  94.900
4.950  10.000  9.849  92.698
4.960  10.000  9.740  90.363
4.970  10.000  9.942  88.192
4.980  10.000  10.281  86.169
4.990  10.000  10.044  84.084
5.000  10.000  9.821  81.979
5.010  10.000  9.749  79.997
5.020  10.000  9.930  78.004
5.030  10.000  9.910  76.080
5.040  10.000  10.077  74.278
5.050  10.000  10.091  72.466
5.060  10.000  10.024  70.612
5.070  10.000  10.044  68.674
5.080  10.000  9.845  66.695
5.090  10.000  9.695  64.860
5.100  10.000  9.796  63.164
5.110  10.000  10.102  61.517
5.120  10.000  10.259  60.043
5.130  10.000  10.092  58.581
5.140  10.000  9.841  56.945
5.150  10.000  9.858  55.188
5.160  10.000  9.799  53.506
5.170  10.000  9.852  52.053
5.180  10.000  10.023  50.860
5.190  10.000  9.983  49.725
5.200  10.000  9.987  48.515
5.210  10.000  9.986  47.211
5.220  10.000  10.017  45.746
5.230  10.000  9.775  44.252
5.240  10.000  9.890  42.875
5.250  10.000  9.898  41.661
5.260  10.000  9.950  40.545
5.270  10.000  9.932  39.400
5.280  10.000  9.919  38.125
5.290  10.000  9.857  36.739
5.300  10.000  9.896  35.340
5.310  10.000  9.843  34.026
5.320  10.000  9.606  32.948
5.330  10.000  9.797  31.969
5.340  10.000  9.680  30.965
5.350  10.000  9.506  29.945
5.360  10.000  9.581  28.906
5.370  10.000  9.881  28.035
5.380  10.000  9.950  27.203
5.390  10.000  9.834  26.294
5.400  10.000  10.000  25.533
5.410  10.000  10.099  24.989
5.420  10.000  10.016  24.434
5.430  10.000  9.979  23.790
5.440  10.000  9.924  23.050
5.450  10.000  9.858  22.204
5.460  10.000  10.035  21.477
5.470  10.000  9.852  21.074
5.480  10.000  9.880  20.742
5.490  10.000  10.200  20.182
5.500  10.000  9.977  19.469
5.510  10.000  9.915  18.668
5.520  10.000  9.965  17.976
5.530  10.000  10.012  17.476
5.540  10.000  10.008  16.948
5.550  10.000  9.842  16.324
5.560  10.000  9.861  15.771
5.570  10.000  10.089  15.300
5.580  10.000  10.095  14.789
5.590  10.000  9.968  14.352
5.600  10.000  9.855  14.050
5.610  10.000  9.902  13.816
5.620  10.000  10.057  13.641
5.630  10.000  9.911  13.609
5.640  10.000  10.008  13.573
5.650  10.000  9.960  13.386
5.660  10.000  9.915  13.203
5.670  10.000  10.023  13.138
5.680  10.000  9.982  13.196
5.690  10.000  9.871  13.369
5.700  10.000  10.134  13.504
5.710  10.000  9.978  13.426
5.720  10.000  9.987  13.373
5.730  10.000  10.115  13.413
5.740  10.000  9.942  13.364
5.750  10.000  9.926  13.134
5.760  10.000  9.860  12.831
5.770  10.000  9.870  12.742
5.780  10.000  9.968  12.812
5.790  10.000  10.006  12.939
5.800  10.000  10.024  13.111
5.810  10.000  9.953  13.384
5.820  10.000  10.276  13.399
5.830  10.000  9.986  13.012
5.840  10.000  10.128  12.694
5.850  10.000  9.885  12.552
5.860  10.000  9.901  12.446
5.870  10.000  10.094  12.267
5.880  10.000  9.913  12.094
5.890  10.000  9.938  11.947
5.900  10.000  10.093  11.693
5.910  10.000  10.002  11.400
5.920  10.000  9.979  11.285
5.930  10.000  10.027  11.214
5.940  10.000  9.915  11.169
5.950  10.000  9.954  11.366
5.960  10.000  9.989  11.683
5.970  10.000  10.032  11.876
5.980  10.000  10.121  11.886
5.990  10.000  9.867  11.872
6.000  10.000  9.988  11.928
6.010  10.000  10.013  11.941
6.020  10.000  10.146  11.776
6.030  10.000  9.954  11.593
6.040  10.000  9.922  11.721
6.050  10.000  10.114  11.977
6.060  10.000  10.064  11.997
6.070  10.000  10.161  11.750
6.080  10.000  10.028  11.456
6.090  10.000  10.085  11.422
6.100  10.000  10.004  11.416
6.110  10.000  9.775  11.276
6.120  10.000  9.849  11.206
6.130  10.000  10.129  11.140
6.140  10.000  9.909  11.010
6.150  10.000  10.084  10.880
6.160  10.000  10.035  10.786
6.170  10.000  10.027  10.626
6.180  10.000  10.027  10.429
6.190  10.000  9.815  10.316
6.200  10.000  9.904  10.259
6.210  10.000  9.928  10.332
6.220  10.000  10.127  10.535
6.230  10.000  9.828  10.716
6.240  10.000  10.006  10.878
6.250  10.000  10.023  11.062
6.260  10.000  9.855  11.256
6.270  10.000  10.040  11.351
6.280  10.000  10.039  11.383
6.290  10.000  9.955  11.428
6.300  10.000  9.920  11.529
6.310  10.000  10.104  11.724
6.320  10.000  10.116  11.908
6.330  10.000  10.096  12.038
6.340  10.000  10.141  12.162
6.350  10.000  10.082  12.335
6.360  10.000  10.074  12.454
6.370  10.000  9.956  12.399
6.380  10.000  10.037  12.371
6.390  10.000  9.712  12.633
6.400  10.000  10.083  12.850
6.410  10.000  9.779  12.896
6.420  10.000  9.842  13.037
6.430  10.000  10.057  13.308
6.440  10.000  10.201  13.582
6.450  10.000  9.968  13.725
6.460  10.000  10.025  13.817
6.470  10.000  9.942  13.933
6.480  10.000  10.151  14.061
6.490  10.000  10.129  14.104
6.500  10.000  9.977  13.992
6.510  10.000  10.081  13.867
6.520  10.000  10.036  13.879
6.530  10.000  10.059  13.901
6.540  10.000  9.991  13.878
6.550  10.000  10.128  13.751
6.560  10.000  9.965  13.512
6.570  10.000  9.836  13.287
6.580  10.000  9.874  13.035
6.590  10.000  10.033  12.776
6.600  10.000  9.989  12.747
6.610  10.000  9.978  12.862
6.620  10.000  9.855  13.070
6.630  10.000  9.961  13.396
6.640  10.000  10.072  13.636
6.650  10.000  10.215  13.612
6.660  10.000  9.738  13.477
6.670  10.000  9.838  13.514
6.680  10.000  9.861  13.620
6.690  10.000  9.963  13.756
6.700  10.000  10.059  14.026
6.710  10.000  10.137  14.368
6.720  10.000  10.030  14.740
6.730  10.000  10.014  15.014
6.740  10.000  10.019  15.137
6.750  10.000  10.321  15.238
6.760  10.000  9.918  15.191
6.770  10.000  10.096  14.984
6.780  10.000  10.009  14.708
6.790  10.000  10.110  14.431
6.800  10.000  9.961  14.086
6.810  10.000  9.960  13.618
6.820  10.000  9.937  13.282
6.830  10.000  9.841  13.192
6.840  10.000  9.930  13.307
6.850  10.000  10.054  13.504
6.860  10.000  10.073  13.575
6.870  10.000  9.910  13.469
6.880  10.000  10.005  13.374
6.890  10.000  9.986  13.388
6.900  10.000  9.862  13.393
6.910  10.000  10.112  13.432
6.920  10.000  9.972  13.563
6.930  10.000  9.937  13.779
6.940  10.000  9.998  13.998
6.950  10.000  9.981  14.318
6.960  10.000  10.081  14.740
6.970  10.000  10.068  15.068
6.980  10.000  10.117  15.161
6.990  10.000  9.896  15.132
7.000  10.000  10.111  15.163
7.010  10.000  9.854  15.152
7.020  10.000  10.045  15.142
7.030  10.000  10.097  15.072
7.040  10.000  10.014  15.004
7.050  10.000  9.955  15.091
7.060  10.000  9.980  15.243
7.070  10.000  9.941  15.463
7.080  10.000  10.009  15.567
7.090  10.000  9.983  15.511
7.100  10.000  9.882  15.530
7.110  10.000  9.824  15.766
7.120  10.000  10.048  16.120
7.130  10.000  9.949  16.346
7.140  10.000  10.069  16.369
7.150  10.000  10.095  16.314
7.160  10.000  10.012  16.298
7.170  10.000  10.092  16.248
7.180  10.000  10.066  16.251
7.190  10.000  10.054  16.398
7.200  10.000  10.051  16.498
7.210  10.000  9.968  16.522
7.220  10.000  10.035  16.620
7.230  10.000  9.986  16.749
7.240  10.000  9.941  16.788
7.250  10.000  10.045  16.783
7.260  10.000  10.005  16.770
7.270  10.000  10.027  16.674
7.280  10.000  9.926  16.558
7.290  10.000  9.881  16.422
7.300  10.000  9.846  16.355
7.310  10.000  9.942  16.438
7.320  10.000  9.957  16.646
7.330  10.000  10.057  16.876
7.340  10.000  9.889  17.085
7.350  10.000  10.128  17.335
7.360  10.000  10.010  17.686
7.370  10.000  10.056  18.050
7.380  10.000  9.999  18.287
7.390  10.000  9.962  18.664
7.400  10.000  10.173  19.050
7.410  10.000  9.917  19.217
7.420  10.000  10.005  19.332
7.430  10.000  9.987  19.345
7.440  10.000  10.229  19.306
7.450  10.000  9.904  19.335
7.460  10.000  10.083  19.373
7.470  10.000  10.131  19.437
7.480  10.000  10.041  19.478
7.490  10.000  9.933  19.489
7.500  10.000  10.084  19.436
7.510  10.000  9.910  19.329
7.520  10.000  10.064  19.186
7.530  10.000  10.044  19.087
7.540  10.000  10.127  19.158
7.550  10.000  10.000  19.178
7.560  10.000  9.929  19.101
7.570  10.000  9.957  18.970
7.580  10.000  9.935  18.817
7.590  10.000  9.913  18.731
7.600  10.000  9.920  18.674
7.610  10.000  9.956  18.473
7.620  10.000  9.981  18.221
7.630  10.000  10.002  18.074
7.640  10.000  9.965  18.027
7.650  10.000  9.888  18.071
7.660  10.000  9.839  18.172
7.670  10.000  9.990  18.373
7.680  10.000  10.136  18.631
7.690  10.000  9.967  18.988
7.700  10.000  9.932  19.399
7.710  10.000  10.092  19.623
7.720  10.000  10.097  19.733
7.730  10.000  9.986  19.967
7.740  10.000  9.971  20.300
7.750  10.000  10.018  20.602
7.760  10.000  9.932  20.882
7.770  10.000  10.052  21.204
7.780  10.000  9.970  21.630
7.790  10.000  10.041  22.008
7.800  10.000  9.920  22.094
7.810  10.000  9.977  21.979
7.820  10.000  10.046  21.826
7.830  10.000  9.984  21.775
7.840  10.000  10.138  21.819
7.850  10.000  9.864  21.828
7.860  10.000  9.953  21.919
7.870  10.000  10.137  22.077
7.880  10.000  9.859  22.223
7.890  10.000  10.068  22.309
7.900  10.000  10.107  22.341
7.910  10.000  10.268  22.361
7.920  10.000  10.032  22.308
7.930  10.000  10.128  22.351
7.940  10.000  9.911  22.374
7.950  10.000  9.916  22.376
7.960  10.000  9.946  22.507
7.970  10.000  10.032  22.650
7.980  10.000  10.073  22.800
7.990  10.000  10.030  22.769
8.000  10.000  10.039  22.551
8.010  10.000  9.993  22.444
8.020  10.000  9.922  22.233
8.030  10.000  9.930  21.801
8.040  10.000  10.060  21.412
8.050  10.000  9.765  21.168
8.060  10.000  9.918  21.088
8.070  10.000  9.980  21.159
8.080  10.000  10.002  21.366
8.090  10.000  9.893  21.619
8.100  10.000  10.091  21.810
8.110  10.000  9.921  21.914
8.120  10.000  10.146  22.055
8.130  10.000  9.847  22.144
8.140  10.000  9.994  22.225
8.150  10.000  9.961  22.417
8.160  12.500  9.958  22.605
8.170  15.000  10.271  23.115
8.180  17.500  11.585  24.401
8.190  20.000  16.415  26.859
8.200  22.500  21.264  30.772
8.210  25.000  26.471  35.907
8.220  27.500  29.690  41.446
8.230  30.000  29.809  46.548
8.240  32.500  28.632  50.943
8.250  35.000  28.932  55.530
8.260  35.000  32.402  61.048
8.270  35.000  34.615  67.150
8.280  35.000  37.087  73.319
8.290  35.000  37.784  79.001
8.300  35.000  37.203  83.996
8.310  35.000  35.129  88.357
8.320  35.000  33.861  92.787
8.330  35.000  34.183  97.410
8.340  35.000  34.979  102.192
8.350  35.000  35.130  107.175
8.360  35.000  34.576  111.851
8.370  35.000  34.444  116.166
8.380  35.000  34.656  120.574
8.390  35.000  35.739  125.385
8.400  35.000  35.832  130.311
8.410  35.000  34.998  135.180
8.420  35.000  34.692  139.626
8.430  35.000  34.163  143.998
8.440  35.000  34.478  148.684
8.450  35.000  35.724  153.422
8.460  35.000  36.129  158.088
8.470  35.000  35.092  162.264
8.480  35.000  33.773  166.079
8.490  35.000  34.182  170.255
8.500  35.000  35.768  175.001
8.510  35.000  36.381  179.518
8.520  35.000  35.687  183.393
8.530  35.000  33.544  187.245
8.540  35.000  33.427  191.359
8.550  35.000  35.357  195.952
8.560  35.000  36.774  200.714
8.570  35.000  36.089  205.175
8.580  35.000  34.683  209.147
8.590  35.000  33.859  212.679
8.600  35.000  33.715  216.508
8.610  35.000  35.816  220.867
8.620  35.000  36.564  225.340
8.630  35.000  35.057  229.094
8.640  35.000  33.163  232.515
8.650  35.000  34.536  236.517
8.660  35.000  36.260  240.836
8.670  35.000  36.810  244.587
8.680  35.000  34.537  247.716
8.690  35.000  34.023  250.832
8.700  35.000  34.919  253.874
8.710  35.000  34.541  257.394
8.720  35.000  35.381  261.174
8.730  35.000  35.082  264.811
8.740  35.000  35.023  268.378
8.750  35.000  35.232  271.911
8.760  35.000  34.613  275.569
8.770  35.000  35.020  279.112
8.780  35.000  35.626  282.439
8.790  35.000  34.797  285.695
8.800  35.000  34.949  289.008
8.810  35.000  35.321  292.262
8.820  35.000  35.269  295.289
8.830  35.000  34.713  298.068
8.840  35.000  34.880  300.998
8.850  35.000  35.303  304.287
8.860  35.000  35.290  307.384
8.870  35.000  35.311  310.202
8.880  35.000  34.870  312.967
8.890  35.000  34.635  315.811
8.900  35.000  34.832  318.792
8.910  35.000  35.687  321.728
8.920  35.000  34.719  324.758
8.930  35.000  34.580  327.818
8.940  35.000  35.668  330.752
8.950  35.000  35.305  333.532
8.960  35.000  34.836  336.138
8.970  35.000  34.708  338.661
8.980  35.000  34.874  341.208
8.990  35.000  34.956  343.916
9.000  35.000  36.174  346.650
9.010  35.000  35.780  349.317
9.020  35.000  35.027  351.912
9.030  35.000  34.181  354.397
9.040  35.000  33.957  356.944
9.050  35.000  35.446  359.444
9.060  35.000  35.307  362.146
9.070  35.000  34.878  365.125
9.080  35.000  35.078  367.722
9.090  35.000  35.480  370.142
9.100  35.000  35.736  372.613
9.110  35.000  35.405  374.966
9.120  35.000  34.944  377.140
9.130  35.000  34.426  378.998
9.140  35.000  34.762  380.855
9.150  35.000  35.225  383.002
9.160  10.000  35.618  385.232
9.170  10.000  35.277  387.097
9.180  10.000  31.140  388.040
9.190  10.000  25.060  386.172
9.200  10.000  12.360  380.902
9.210  10.000  7.651  375.017
9.220  10.000  6.831  370.115
9.230  10.000  7.420  365.406
9.240  10.000  8.088  360.026
9.250  10.000  8.602  354.723
9.260  10.000  9.157  350.116
9.270  10.000  9.723  345.523
9.280  10.000  9.726  340.581
9.290  10.000  9.642  335.684
9.300  10.000  9.530  331.234
9.310  10.000  9.500  326.699
9.320  10.000  9.652  322.023
9.330  10.000  9.662  317.300
9.340  10.000  9.577  312.695
9.350  10.000  9.588  308.341
9.360  10.000  9.739  304.026
9.370  10.000  9.980  299.824
9.380  10.000  10.114  295.552
9.390  10.000  9.956  291.176
9.400  10.000  9.782  286.960
9.410  10.000  9.852  282.653
9.420  10.000  9.795  278.258
9.430  10.000  9.932  274.067
9.440  10.000  9.942  269.991
9.450  10.000  9.922  266.030
9.460  10.000  9.856  262.095
9.470  10.000  9.847  257.992
9.480  10.000  9.880  254.002
9.490  10.000  9.915  250.189
9.500  10.000  10.015  246.282
9.510  10.000  9.862  242.422
9.520  10.000  9.865  238.686
9.530  10.000  9.830  234.990
9.540  10.000  9.965  231.183
9.550  10.000  10.037  227.320
9.560  10.000  9.853  223.592
9.570  10.000  9.829  219.918
9.580  10.000  9.880  216.254
9.590  10.000  9.919  212.645
9.600  10.000  9.836  209.005
9.610  10.000  9.684  205.323
9.620  10.000  9.674  201.819
9.630  10.000  9.771  198.457
9.640  10.000  9.738  195.089
9.650  10.000  9.565  191.647
9.660  10.000  9.560  188.139
9.670  10.000  9.505  184.857
9.680  10.000  9.431  181.688
9.690  10.000  9.484  178.415
9.700  10.000  9.854  175.259
9.710  10.000  10.114  172.303
9.720  10.000  10.018  169.257
9.730  10.000  9.955  166.286
9.740  10.000  9.998  163.354
9.750  10.000  9.913  160.232
9.760  10.000  9.737  157.185
9.770  10.000  9.856  154.220
9.780  10.000  9.967  151.379
9.790  10.000  10.035  148.600
9.800  10.000  10.091  145.764
9.810  10.000  9.899  142.893
9.820  10.000  9.940  140.010
9.830  10.000  9.924  137.006
9.840  10.000  9.687  134.157
9.850  10.000  9.944  131.698
9.860  10.000  10.317  129.288
9.870  10.000  10.169  126.647
9.880  10.000  9.789  123.863
9.890  10.000  9.626  121.185
9.900  10.000  9.741  118.705
9.910  10.000  10.154  116.364
9.920  10.000  10.423  114.108
9.930  10.000  10.077  111.674
9.940  10.000  9.552  109.010
9.950  10.000  9.494  106.606
9.960  10.000  10.012  104.603
9.970  10.000  10.384  102.671
9.980  10.000  10.105  100.606
9.990  10.000  9.939  98.352
10.000  10.000  9.754  95.899
10.010  10.000  9.780  93.557
10.020  10.000  9.885  91.474
10.030  10.000  10.227  89.633
10.040  10.000  10.124  87.940
10.050  10.000  9.834  86.064
10.060  10.000  9.781  84.028
10.070  10.000  9.920  82.099
10.080  10.000  10.181  80.276
10.090  10.000  10.020  78.369
10.100  10.000  9.721  76.455
10.110  10.000  9.857  74.541
10.120  10.000  10.006  72.716
10.130  10.000  10.114  71.254
10.140  10.000  9.926  69.822
10.150  10.000  9.963  68.112
10.160  10.000  9.739  66.357
10.170  10.000  9.824  64.785
10.180  10.000  10.273  63.265
10.190  10.000  10.264  61.717
10.200  10.000  9.929  60.208
10.210  10.000  9.593  58.538
10.220  10.000  9.697  56.845
10.230  10.000  10.102  55.301
10.240  10.000  10.069  53.795
10.250  10.000  10.030  52.361
10.260  10.000  9.924  50.799
10.270  10.000  9.905  49.266
10.280  10.000  9.831  47.988
10.290  10.000  9.809  46.647
10.300  10.000  9.924  45.191
10.310  10.000  9.908  43.773
10.320  10.000  9.758  42.403
10.330  10.000  9.856  41.036
10.340  10.000  9.786  39.712
10.350  10.000  9.628  38.581
10.360  10.000  9.475  37.514
10.370  10.000  9.438  36.362
10.380  10.000  9.664  35.266
10.390  10.000  9.992  34.328
10.400  10.000  10.104  33.360
10.410  10.000  10.297  32.314
10.420  10.000  10.138  31.362
10.430  10.000  9.813  30.499
10.440  10.000  9.808  29.585
10.450  10.000  9.710  28.609
10.460  10.000  9.877  27.852
10.470  10.000  10.038  27.287
10.480  10.000  10.137  26.703
10.490  10.000  9.929  25.956
10.500  10.000  9.881  25.148
10.510  10.000  9.947  24.448
10.520  10.000  10.074  23.766
10.530  10.000  9.969  23.046
10.540  10.000  10.019  22.321
10.550  10.000  9.823  21.699
10.560  10.000  10.019  21.023
10.570  10.000  9.759  20.474
10.580  10.000  9.882  20.353
10.590  10.000  9.991  20.093
10.600  10.000  10.018  19.497
10.610  10.000  10.111  19.040
10.620  10.000  10.066  18.822
10.630  10.000  9.968  18.764
10.640  10.000  10.069  18.724
10.650  10.000  10.027  18.412
10.660  10.000  9.988  17.988
10.670  10.000  9.923  17.657
10.680  10.000  9.901  17.403
10.690  10.000  9.978  17.243
10.700  10.000  10.047  16.960
10.710  10.000  10.111  16.548
10.720  10.000  9.865  16.219
10.730  10.000  10.021  15.964
10.740  10.000  9.961  15.611
10.750  10.000  10.030  15.150
10.760  10.000  9.868  14.804
10.770  10.000  9.891  14.499
10.780  10.000  9.865  14.287
10.790  10.000  10.086  14.312
10.800  10.000  10.078  14.389
10.810  10.000  9.859  14.504
10.820  10.000  9.887  14.628
10.830  10.000  9.908  14.684
10.840  10.000  10.032  14.616
10.850  10.000  9.975  14.631
10.860  10.000  10.048  14.908
10.870  10.000  9.958  15.118
10.880  10.000  10.192  15.210
10.890  10.000  10.105  15.253
10.900  10.000  9.958  15.267
10.910  10.000  10.100  15.292
10.920  10.000  10.172  15.184
10.930  10.000  10.014  14.962
10.940  10.000  10.056  14.735
10.950  10.000  9.947  14.638
10.960  10.000  9.904  14.674
10.970  10.000  9.848  14.632
10.980  10.000  10.086  14.444
10.990  10.000  10.221  14.119
11.000  10.000  9.999  13.663
11.010  10.000  10.030  13.248
11.020  10.000  10.000  13.069
11.030  10.000  9.703  13.137
11.040  10.000  10.060  13.166
11.050  10.000  10.048  12.951
11.060  10.000  9.875  12.771
11.070  10.000  9.959  12.726
11.080  10.000  9.935  12.847
11.090  10.000  9.828  13.083
11.100  10.000  9.916  13.280
11.110  10.000  10.125  13.458
11.120  10.000  10.219  13.544
11.130  10.000  9.856  13.607
11.140  10.000  10.023  13.598
11.150  10.000  9.962  13.701
11.160  10.000  10.116  13.994
11.170  10.000  9.990  14.027
11.180  10.000  10.123  13.852
11.190  10.000  9.991  13.705
11.200  10.000  10.210  13.399
11.210  10.000  10.090  13.017
11.220  10.000  10.067  12.609
11.230  10.000  10.039  12.068
11.240  10.000  10.016  11.493
11.250  10.000  10.073  11.002
11.260  10.000  9.594  10.698
11.270  10.000  10.001  10.393
11.280  10.000  9.946  10.135
11.290  10.000  9.922  10.087
11.300  10.000  9.917  10.002
11.310  10.000  10.041  9.714
11.320  10.000  9.874  9.424
11.330  10.000  10.141  9.275
11.340  10.000  9.908  9.156
11.350  10.000  10.012  9.071
11.360  10.000  10.195  9.015
11.370  10.000  9.805  8.966
11.380  10.000  9.845  9.018
11.390  10.000  10.090  9.176
11.400  10.000  10.037  9.313
11.410  10.000  9.909  9.267
11.420  10.000  10.126  9.047
11.430  10.000  10.091  8.835
11.440  10.000  10.019  8.672
11.450  10.000  10.028  8.573
11.460  10.000  10.071  8.635
11.470  10.000  10.184  8.744
11.480  10.000  9.981  8.722
11.490  10.000  9.933  8.618
11.500  10.000  9.787  8.547
11.510  10.000  9.926  8.503
11.520  10.000  10.091  8.349
11.530  10.000  9.952  8.222
11.540  10.000  9.945  8.166
11.550  10.000  10.117  8.032
11.560  10.000  10.048  7.926
11.570  10.000  10.038  7.858
11.580  10.000  9.937  7.706
11.590  10.000  9.849  7.596
11.600  10.000  9.886  7.605
11.610  10.000  10.080  7.608
11.620  10.000  9.907  7.652
11.630  10.000  10.032  7.769
11.640  10.000  9.985  7.794
11.650  10.000  10.170  7.584
11.660  10.000  9.963  7.364
11.670  10.000  9.956  7.353
11.680  10.000  10.042  7.424
11.690  10.000  9.837  7.432
11.700  10.000  10.022  7.456
11.710  10.000  10.151  7.622
11.720  10.000  10.190  7.697
11.730  10.000  9.794  7.712
11.740  10.000  9.914  7.889
11.750  10.000  9.951  8.056
11.760  10.000  10.046  8.072
11.770  10.000  10.045  8.087
11.780  10.000  10.019  8.109
11.790  10.000  9.953  8.117
11.800  10.000  10.254  8.289
11.810  10.000  9.911  8.412
11.820  10.000  9.981  8.353
11.830  10.000  9.969  8.254
11.840  10.000  10.032  8.176
11.850  10.000  9.849  8.146
11.860  10.000  10.031  8.216
11.870  10.000  10.023  8.267
11.880  10.000  9.995  8.212
11.890  10.000  10.009  8.219
11.900  10.000  9.915  8.368
11.910  10.000  10.015  8.449
11.920  10.000  10.123  8.415
11.930  10.000  9.910  8.555
11.940  10.000  10.046  8.683
11.950  10.000  9.988  8.625
11.960  10.000  9.973  8.557
11.970  10.000  10.076  8.563
11.980  10.000  9.892  8.634
11.990  10.000  9.978  8.491
12.000  10.000  10.202  8.103
12.010  10.000  9.892  7.698
12.020  10.000  9.997  7.411
12.030  10.000  10.197  7.160
12.040  10.000  10.033  6.965
12.050  10.000  10.059  6.840
12.060  10.000  9.982  6.787
12.070  10.000  9.780  6.722
12.080  10.000  10.226  6.520
12.090  10.000  9.974  6.330
12.100  10.000  9.996  6.235
12.110  10.000  10.048  6.156
12.120  10.000  10.000  5.960
12.130  10.000  10.081  5.669
12.140  10.000  9.855  5.387
12.150  10.000  9.781  5.243
12.160  10.000  10.140  5.174
12.170  10.000  9.868  5.097
12.180  10.000  9.982  5.069
12.190  10.000  9.990  5.091
12.200  10.000  9.789  5.192
12.210  10.000  10.067  5.317
12.220  10.000  10.034  5.428
12.230  10.000  9.951  5.549
12.240  10.000  9.946  5.704
12.250  10.000  9.986  5.946
12.260  10.000  10.021  6.118
12.270  10.000  10.043  6.101
12.280  10.000  10.192  5.967
12.290  10.000  9.939  5.891
12.300  10.000  10.020  5.960
12.310  10.000  9.987  5.927
12.320  10.000  9.990  5.813
12.330  10.000  10.058  5.746
12.340  10.000  10.057  5.756
12.350  10.000  10.117  5.891
12.360  10.000  10.102  5.888
12.370  10.000  9.997  5.659
12.380  10.000  9.967  5.421
12.390  10.000  9.991  5.229
12.400  10.000  10.085  5.185
12.410  10.000  10.005  5.242
12.420  10.000  10.009  5.099
12.430  10.000  10.153  4.698
12.440  10.000  9.901  4.381
12.450  10.000  9.804  4.212
12.460  10.000  10.020  4.068
12.470  10.000  10.105  3.873
12.480  10.000  9.969  3.602
12.490  10.000  9.990  3.425
12.500  10.000  9.930  3.200
12.510  10.000  9.797  2.857
12.520  10.000  10.109  2.697
12.530  10.000  10.141  2.693
12.540  10.000  9.849  2.548
12.550  10.000  9.810  2.307
12.560  10.000  10.113  2.072
12.570  10.000  9.816  2.017
12.580  10.000  9.950  2.204
12.590  10.000  9.989  2.350
12.600  10.000  10.072  2.322
12.610  10.000  9.867  2.340
12.620  10.000  10.069  2.440
12.630  10.000  9.959  2.582
12.640  10.000  10.021  2.769
12.650  10.000  10.242  2.979
12.660  10.000  9.970  3.247
12.670  10.000  9.975  3.370
12.680  10.000  10.047  3.389
12.690  10.000  10.123  3.379
12.700  10.000  9.942  3.370
12.710  10.000  10.095  3.335
12.720  10.000  10.043  3.069
12.730  10.000  9.959  2.767
12.740  10.000  9.871  2.539
12.750  10.000  10.014  2.375
12.760  10.000  9.903  2.366
12.770  10.000  9.825  2.417
12.780  10.000  10.189  2.432
12.790  10.000  9.990  2.471
12.800  10.000  9.896  2.585
12.810  10.000  10.174  2.707
12.820  10.000  10.202  2.750
12.830  10.000  10.032  2.632
12.840  10.000  9.894  2.367
12.850  10.000  10.011  2.109
12.860  10.000  10.014  1.805
12.870  10.000  10.022  1.478
12.880  10.000  10.004  1.350
12.890  10.000  9.964  1.333
12.900  10.000  9.677  1.507
12.910  10.000  10.204  1.719
12.920  10.000  9.973  1.814
12.930  10.000  9.794  1.926
12.940  10.000  9.935  2.068
12.950  10.000  10.056  2.213
12.960  10.000  10.217  2.258
12.970  10.000  9.952  2.186
12.980  10.000  10.061  2.036
12.990  10.000  9.911  1.934
13.000  10.000  10.099  1.816
13.010  10.000  9.932  1.589
13.020  10.000  10.004  1.459
13.030  10.000  10.056  1.585
13.040  10.000  10.176  1.709
13.050  10.000  9.877  1.761
13.060  10.000  9.966  1.850
13.070  10.000  9.852  1.939
13.080  10.000  10.115  1.990
13.090  10.000  10.017  2.115
13.100  10.000  10.020  2.324
13.110  10.000  9.853  2.564
13.120  10.000  10.186  2.876
13.130  10.000  10.114  3.103
13.140  10.000  10.161  3.109
13.150  10.000  10.056  2.866
13.160  10.000  9.659  2.605
13.170  12.500  9.839  2.460
13.180  15.000  10.464  2.568
13.190  17.500  11.811  3.433
13.200  20.000  16.022  5.638
13.210  22.500  21.304  9.286
13.220  25.000  26.695  13.990
13.230  27.500  29.655  19.003
13.240  30.000  29.360  23.785
13.250  32.500  28.333  28.078
13.260  35.000  29.067  32.507
13.270  35.000  32.389  37.808
13.280  35.000  34.574  43.450
13.290  35.000  36.475  49.467
13.300  35.000  36.426  56.087
13.310  35.000  36.721  62.316
13.320  35.000  36.643  67.557
13.330  35.000  35.106  72.468
13.340  35.000  34.008  77.501
13.350  35.000  35.242  82.135
13.360  35.000  35.262  86.662
13.370  35.000  34.713  91.196
13.380  35.000  34.696  95.493
13.390  35.000  34.560  99.899
13.400  35.000  34.545  104.380
13.410  35.000  35.802  108.674
13.420  35.000  35.317  113.050
13.430  35.000  34.430  117.721
13.440  35.000  34.483  122.329
13.450  35.000  35.537  126.813
13.460  35.000  35.420  131.253
13.470  35.000  35.026  135.496
13.480  35.000  34.105  139.761
13.490  35.000  34.341  144.287
13.500  35.000  35.797  148.912
13.510  35.000  35.969  153.616
13.520  35.000  35.463  157.605
13.530  35.000  34.296  161.062
13.540  35.000  34.074  165.169
13.550  35.000  35.423  169.689
13.560  35.000  35.827  174.072
13.570  35.000  35.152  178.025
13.580  35.000  34.268  181.707
13.590  35.000  34.357  185.567
13.600  35.000  36.119  189.812
13.610  35.000  36.227  193.878
13.620  35.000  34.455  197.362
13.630  35.000  33.848  200.782
13.640  35.000  34.940  204.247
13.650  35.000  35.514  207.811
13.660  35.000  35.306  211.370
13.670  35.000  35.067  214.780
13.680  35.000  34.027  218.330
13.690  35.000  35.151  222.224
13.700  35.000  36.010  226.385
13.710  35.000  35.112  230.020
13.720  35.000  34.607  233.372
13.730  35.000  34.751  237.169
13.740  35.000  35.028  240.857
13.750  35.000  34.842  244.545
13.760  35.000  35.290  248.411
13.770  35.000  35.376  252.178
13.780  35.000  34.803  255.809
13.790  35.000  34.846  259.587
13.800  35.000  35.149  263.516
13.810  35.000  34.794  267.513
13.820  35.000  35.276  271.219
13.830  35.000  35.251  274.589
13.840  35.000  34.936  277.961
13.850  35.000  35.336  281.241
13.860  35.000  35.007  284.638
13.870  35.000  35.714  287.890
13.880  35.000  35.218  290.677
13.890  35.000  34.230  293.448
13.900  35.000  34.512  296.472
13.910  35.000  35.175  299.570
13.920  35.000  35.327  302.595
13.930  35.000  35.123  305.679
13.940  35.000  34.917  308.825
13.950  35.000  35.350  311.792
13.960  35.000  35.213  314.581
13.970  35.000  34.992  317.313
13.980  35.000  35.332  319.944
13.990  35.000  35.026  322.471
14.000  35.000  34.714  324.987
14.010  35.000  34.860  327.728
14.020  35.000  34.925  330.692
14.030  35.000  35.044  333.540
14.040  35.000  35.574  336.250
14.050  35.000  35.447  338.797
14.060  35.000  34.934  341.192
14.070  35.000  35.432  343.411
14.080  35.000  35.339  345.646
14.090  35.000  35.465  347.801
14.100  35.000  34.914  349.685
14.110  35.000  33.987  351.679
14.120  35.000  34.046  353.832
14.130  35.000  35.205  356.249
14.140  35.000  35.702  359.021
14.150  35.000  35.877  361.695
14.160  35.000  35.872  363.950
14.170  10.000  34.791  365.957
14.180  10.000  33.186  367.665
14.190  10.000  29.444  368.122
14.200  10.000  23.384  365.307
14.210  10.000  11.560  358.868
14.220  10.000  7.532  352.083
14.230  10.000  6.967  346.097
14.240  10.000  7.444  340.489
14.250  10.000  7.916  335.347
14.260  10.000  8.422  330.475
14.270  10.000  9.113  326.006
14.280  10.000  9.652  321.385
14.290  10.000  9.760  316.627
14.300  10.000  9.706  311.906
14.310  10.000  9.616  307.273
14.320  10.000  9.432  302.667
14.330  10.000  9.656  298.075
14.340  10.000  9.571  293.571
14.350  10.000  9.756  289.121
14.360  10.000  9.773  284.578
14.370  10.000  9.812  280.060
14.380  10.000  9.912  275.715
14.390  10.000  9.961  271.505
14.400  10.000  9.982  267.288
14.410  10.000  9.830  263.064
14.420  10.000  9.981  258.932
14.430  10.000  9.913  254.778
14.440  10.000  9.895  250.575
14.450  10.000  9.886  246.437
14.460  10.000  9.957  242.351
14.470  10.000  9.794  238.259
14.480  10.000  9.857  234.250
14.490  10.000  9.815  230.350
14.500  10.000  9.978  226.359
14.510  10.000  9.973  222.306
14.520  10.000  9.939  218.429
14.530  10.000  9.869  214.650
14.540  10.000  9.798  210.761
14.550  10.000  9.887  206.915
14.560  10.000  9.918  203.230
14.570  10.000  10.003  199.508
14.580  10.000  9.837  195.891
14.590  10.000  9.728  192.447
14.600  10.000  9.715  189.003
14.610  10.000  9.802  185.541
14.620  10.000  9.901  182.143
14.630  10.000  9.770  178.905
14.640  10.000  9.638  175.592
14.650  10.000  9.621  172.096
14.660  10.000  9.629  168.744
14.670  10.000  9.434  165.485
14.680  10.000  9.380  162.249
14.690  10.000  9.481  159.122
14.700  10.000  9.715  156.115
14.710  10.000  10.055  153.218
14.720  10.000  10.288  150.262
14.730  10.000  10.066  147.189
14.740  10.000  9.849  143.930
14.750  10.000  9.711  140.748
14.760  10.000  9.787  137.801
14.770  10.000  10.009  134.870
14.780  10.000  10.159  131.972
14.790  10.000  9.938  129.029
14.800  10.000  9.819  126.143
14.810  10.000  9.761  123.535
14.820  10.000  10.058  120.970
14.830  10.000  10.130  118.314
14.840  10.000  9.930  115.695
14.850  10.000  9.885  113.013
14.860  10.000  9.868  110.254
14.870  10.000  9.805  107.639
14.880  10.000  10.022  105.091
14.890  10.000  10.177  102.672
14.900  10.000  9.977  100.417
14.910  10.000  9.730  98.002
14.920  10.000  9.845  95.597
14.930  10.000  10.143  93.314
14.940  10.000  10.171  91.054
14.950  10.000  9.847  88.736
14.960  10.000  9.758  86.315
14.970  10.000  9.846  83.939
14.980  10.000  10.096  81.745
14.990  10.000  10.224  79.578
15.000  10.000  9.890  77.406
15.010  10.000  9.727  75.361
15.020  10.000  9.908  73.291
15.030  10.000  10.095  71.272
15.040  10.000  10.032  69.320
15.050  10.000  9.808  67.373
15.060  10.000  9.903  65.494
15.070  10.000  9.924  63.591
15.080  10.000  10.124  61.733
15.090  10.000  10.105  59.995
15.100  10.000  9.854  58.122
15.110  10.000  9.758  56.269
15.120  10.000  9.887  54.561
15.130  10.000  10.231  52.871
15.140  10.000  10.089  51.362
15.150  10.000  9.778  49.882
15.160  10.000  9.839  48.369
15.170  10.000  9.896  46.899
15.180  10.000  10.157  45.369
15.190  10.000  10.038  43.842
15.200  10.000  9.836  42.417
15.210  10.000  9.785  41.132
15.220  10.000  9.955  39.817
15.230  10.000  10.130  38.252
15.240  10.000  9.972  36.651
15.250  10.000  9.895  35.349
15.260  10.000  9.832  34.291
15.270  10.000  9.909  33.115
15.280  10.000  9.921  31.677
15.290  10.000  10.044  30.281
15.300  10.000  9.777  29.039
15.310  10.000  9.914  27.803
15.320  10.000  9.786  26.530
15.330  10.000  9.682  25.225
15.340  10.000  9.686  23.795
15.350  10.000  9.629  22.476
15.360  10.000  9.578  21.621
15.370  10.000  9.593  20.910
15.380  10.000  9.646  20.041
15.390  10.000  10.075  19.167
15.400  10.000  10.054  18.404
15.410  10.000  9.900  17.525
15.420  10.000  9.826  16.473
15.430  10.000  9.943  15.469
15.440  10.000  10.097  14.633
15.450  10.000  10.000  14.060
15.460  10.000  9.937  13.583
15.470  10.000  9.915  12.948
15.480  10.000  10.144  12.099
15.490  10.000  9.871  11.290
15.500  10.000  9.877  10.740
15.510  10.000  9.948  10.256
15.520  10.000  10.093  9.787
15.530  10.000  10.086  9.326
15.540  10.000  9.941  8.905
15.550  10.000  9.727  8.585
15.560  10.000  9.933  8.266
15.570  10.000  10.141  7.818
15.580  10.000  9.944  7.239
15.590  10.000  9.888  6.701
15.600  10.000  10.058  6.251
15.610  10.000  9.979  5.939
15.620  10.000  9.809  5.769
15.630  10.000  10.044  5.596
15.640  10.000  9.931  5.443
15.650  10.000  10.089  5.420
15.660  10.000  9.956  5.338
15.670  10.000  9.876  5.186
15.680  10.000  9.966  5.073
15.690  10.000  9.896  4.994
15.700  10.000  10.165  4.872
15.710  10.000  10.001  4.689
15.720  10.000  9.978  4.513
15.730  10.000  10.045  4.257
15.740  10.000  10.188  3.986
15.750  10.000  9.931  3.874
15.760  10.000  9.897  3.830
15.770  10.000  9.998  3.796
15.780  10.000  10.133  3.757
15.790  10.000  10.013  3.525
15.800  10.000  9.955  3.274
15.810  10.000  9.941  3.097
15.820  10.000  9.885  2.931
15.830  10.000  9.971  2.805
15.840  10.000  10.074  2.639
15.850  10.000  9.883  2.420
15.860  10.000  9.934  2.235
15.870  10.000  9.944  2.106
15.880  10.000  9.942  2.059
15.890  10.000  9.906  2.267
15.900  10.000  9.965  2.567
15.910  10.000  9.880  2.667
15.920  10.000  9.998  2.696
15.930  10.000  10.027  2.888
15.940  10.000  10.052  3.253
15.950  10.000  10.112  3.550
15.960  10.000  10.147  3.586
15.970  10.000  10.105  3.411
15.980  10.000  10.009  3.230
15.990  10.000  9.887  3.295
16.000  10.000  10.182  3.349
16.010  10.000  9.976  3.126
16.020  10.000  9.970  2.872
16.030  10.000  10.034  2.691
16.040  10.000  9.929  2.550
16.050  10.000  9.997  2.392
16.060  10.000  10.028  2.156
16.070  10.000  10.288  1.777
16.080  10.000  10.077  1.343
16.090  10.000  9.783  0.931
16.100  10.000  9.871  0.544
16.110  10.000  9.980  0.107
16.120  10.000  10.031  -0.303
16.130  10.000  9.964  -0.436
16.140  10.000  9.936  -0.614
16.150  10.000  10.004  -0.892
16.160  10.000  9.910  -1.040
16.170  10.000  9.800  -1.131
16.180  10.000  10.131  -1.138
16.190  10.000  9.954  -1.121
16.200  10.000  10.015  -1.088
16.210  10.000  9.981  -0.943
16.220  10.000  9.979  -0.818
16.230  10.000  10.015  -0.761
16.240  10.000  9.980  -0.629
16.250  10.000  9.871  -0.372
16.260  10.000  9.993  -0.076
16.270  10.000  10.204  0.096
16.280  10.000  9.894  0.222
16.290  10.000  10.001  0.487
16.300  10.000  10.090  0.760
16.310  10.000  10.042  0.960
16.320  10.000  9.961  1.270
16.330  10.000  10.096  1.549
16.340  10.000  10.092  1.659
16.350  10.000  10.066  1.656
16.360  10.000  10.011  1.494
16.370  10.000  10.162  1.269
16.380  10.000  9.937  1.004
16.390  10.000  9.895  0.865
16.400  10.000  10.010  0.837
16.410  10.000  10.129  0.634
16.420  10.000  10.220  0.280
16.430  10.000  10.060  -0.108
16.440  10.000  9.909  -0.367
16.450  10.000  9.929  -0.594
16.460  10.000  9.813  -0.953
16.470  10.000  9.920  -1.224
16.480  10.000  10.012  -1.313
16.490  10.000  9.759  -1.220
16.500  10.000  9.836  -0.895
16.510  10.000  9.993  -0.690
16.520  10.000  10.037  -0.804
16.530  10.000  10.099  -0.867
16.540  10.000  9.873  -0.626
16.550  10.000  10.055  -0.308
16.560  10.000  10.231  -0.216
16.570  10.000  10.109  -0.186
16.580  10.000  9.971  0.013
16.590  10.000  10.047  0.198
16.600  10.000  10.020  0.287
16.610  10.000  9.954  0.361
16.620  10.000  9.906  0.382
16.630  10.000  9.934  0.339
16.640  10.000  10.050  0.208
16.650  10.000  9.975  0.104
16.660  10.000  9.865  0.082
16.670  10.000  10.106  0.032
16.680  10.000  9.890  0.029
16.690  10.000  10.051  0.015
16.700  10.000  10.060  -0.050
16.710  10.000  9.834  -0.081
16.720  10.000  10.059  -0.116
16.730  10.000  9.935  -0.060
16.740  10.000  10.004  0.009
16.750  10.000  10.006  -0.181
16.760  10.000  10.127  -0.474
16.770  10.000  10.381  -0.672
16.780  10.000  9.831  -0.866
16.790  10.000  9.888  -1.071
16.800  10.000  9.960  -1.200
16.810  10.000  9.965  -1.298
16.820  10.000  9.956  -1.338
16.830  10.000  10.057  -1.249
16.840  10.000  10.046  -1.115
16.850  10.000  10.040  -1.072
16.860  10.000  10.007  -0.969
16.870  10.000  10.047  -0.813
16.880  10.000  9.965  -0.823
16.890  10.000  10.187  -0.891
16.900  10.000  9.786  -0.889
16.910  10.000  9.887  -0.846
16.920  10.000  10.036  -0.905
16.930  10.000  10.038  -0.936
16.940  10.000  10.038  -0.880
16.950  10.000  9.991  -0.913
16.960  10.000  9.937  -0.904
16.970  10.000  10.116  -0.841
16.980  10.000  9.900  -0.745
16.990  10.000  10.055  -0.680
17.000  10.000  9.794  -0.632
17.010  10.000  9.944  -0.446
17.020  10.000  10.111  -0.171
17.030  10.000  9.995  0.083
17.040  10.000  10.084  0.132
17.050  10.000  9.940  -0.055
17.060  10.000  10.144  -0.311
17.070  10.000  10.015  -0.506
17.080  10.000  9.987  -0.671
17.090  10.000  9.956  -0.688
17.100  10.000  9.957  -0.572
17.110  10.000  10.137  -0.414
17.120  10.000  9.966  -0.224
17.130  10.000  9.964  -0.123
17.140  10.000  9.963  -0.092
17.150  10.000  10.072  -0.195
17.160  10.000  9.973  -0.483
17.170  10.000  9.999  -0.689
17.180  10.000  10.066  -0.758
17.190  10.000  10.042  -0.841
17.200  10.000  10.019  -0.930
17.210  10.000  9.925  -0.996
17.220  10.000  10.200  -1.189
17.230  10.000  9.937  -1.471
17.240  10.000  9.959  -1.691
17.250  10.000  9.909  -1.933
17.260  10.000  9.795  -2.007
17.270  10.000  9.909  -1.792
17.280  10.000  9.946  -1.562
17.290  10.000  10.080  -1.452
17.300  10.000  10.023  -1.408
17.310  10.000  9.848  -1.149
17.320  10.000  10.009  -0.762
17.330  10.000  10.186  -0.554
17.340  10.000  10.239  -0.511
17.350  10.000  10.075  -0.600
17.360  10.000  10.044  -0.716
17.370  10.000  9.909  -0.989
17.380  10.000  9.940  -1.279
17.390  10.000  10.114  -1.371
17.400  10.000  9.854  -1.375
17.410  10.000  10.010  -1.402
17.420  10.000  10.073  -1.540
17.430  10.000  10.000  -1.714
17.440  10.000  10.073  -1.685
17.450  10.000  9.964  -1.624
17.460  10.000  9.978  -1.643
17.470  10.000  9.902  -1.558
17.480  10.000  9.763  -1.386
17.490  10.000  9.987  -1.331
17.500  10.000  10.039  -1.374
17.510  10.000  10.009  -1.328
17.520  10.000  10.061  -1.247
17.530  10.000  9.875  -1.117
17.540  10.000  9.840  -1.038
17.550  10.000  10.115  -1.171
17.560  10.000  10.189  -1.307
17.570  10.000  10.111  -1.250
17.580  10.000  10.073  -1.121
17.590  10.000  10.112  -1.067
17.600  10.000  9.997  -1.131
17.610  10.000  9.940  -1.187
17.620  10.000  10.051  -1.222
17.630  10.000  10.067  -1.321
17.640  10.000  9.963  -1.431
17.650  10.000  9.888  -1.492
17.660  10.000  9.688  -1.533
17.670  10.000  9.934  -1.529
17.680  10.000  9.912  -1.553
17.690  10.000  10.013  -1.590
17.700  10.000  9.976  -1.447
17.710  10.000  10.223  -1.233
17.720  10.000  9.949  -1.032
17.730  10.000  10.225  -0.999
17.740  10.000  9.998  -1.212
17.750  10.000  10.208  -1.387
17.760  10.000  9.885  -1.464
17.770  10.000  9.983  -1.666
17.780  10.000  10.070  -1.887
17.790  10.000  10.047  -1.950
17.800  10.000  9.943  -1.992
17.810  10.000  9.918  -2.151
17.820  10.000  9.987  -2.405
17.830  10.000  10.090  -2.766
17.840  10.000  9.936  -3.074
17.850  10.000  10.074  -3.258
17.860  10.000  9.839  -3.387
17.870  10.000  9.848  -3.212
17.880  10.000  10.012  -2.928
17.890  10.000  9.957  -2.755
17.900  10.000  9.986  -2.725
17.910  10.000  10.046  -2.898
17.920  10.000  9.974  -3.104
17.930  10.000  10.128  -3.092
17.940  10.000  9.942  -3.048
17.950  10.000  10.006  -3.179
17.960  10.000  9.980  -3.233
17.970  10.000  10.009  -3.205
17.980  10.000  10.034  -3.205
17.990  10.000  9.950  -3.130
18.000  10.000  10.073  -2.955
18.010  10.000  9.888  -2.807
18.020  10.000  9.948  -2.635
18.030  10.000  10.007  -2.325
18.040  10.000  9.759  -1.957
18.050  10.000  9.986  -1.778
18.060  10.000  10.128  -1.834
18.070  10.000  10.095  -1.916
18.080  10.000  9.886  -1.735
18.090  10.000  10.153  -1.424
18.100  10.000  10.193  -1.357
18.110  10.000  10.215  -1.489
18.120  10.000  9.997  -1.720
18.130  10.000  9.994  -1.921
18.140  10.000  9.927  -2.118
18.150  10.000  9.966  -2.222
18.160  10.000  9.979  -2.243
18.170  10.000  10.026  -2.501
18.180  12.500  10.083  -2.869
18.190  15.000  10.375  -2.710
18.200  17.500  11.711  -1.784
18.210  20.000  15.603  0.179
18.220  22.500  20.913  3.607
18.230  25.000  26.492  8.289
18.240  27.500  30.347  13.252
18.250  30.000  30.124  17.833
18.260  32.500  28.880  22.269
18.270  35.000  28.256  26.953
18.280  35.000  31.784  32.385
18.290  35.000  34.300  38.426
18.300  35.000  37.077  44.213
18.310  35.000  36.790  50.081
18.320  35.000  36.740  55.622
18.330  35.000  35.620  60.144
18.340  35.000  34.377  64.478
18.350  35.000  34.883  69.166
18.360  35.000  34.587  74.440
18.370  35.000  35.024  79.622
18.380  35.000  34.708  84.531
18.390  35.000  34.336  89.367
18.400  35.000  35.271  94.100
18.410  35.000  35.606  99.113
18.420  35.000  35.871  103.792
18.430  35.000  34.052  107.991
18.440  35.000  34.520  112.104
18.450  35.000  34.516  116.506
18.460  35.000  36.180  121.326
18.470  35.000  35.624  125.895
18.480  35.000  35.111  130.186
18.490  35.000  33.466  134.657
18.500  35.000  34.206  139.517
18.510  35.000  35.917  144.458
18.520  35.000  36.186  149.248
18.530  35.000  34.986  153.660
18.540  35.000  34.419  157.855
18.550  35.000  34.453  162.126
18.560  35.000  35.719  166.533
18.570  35.000  35.919  170.990
18.580  35.000  34.425  174.986
18.590  35.000  34.322  178.795
18.600  35.000  34.960  182.952
18.610  35.000  35.540  187.317
18.620  35.000  35.696  191.458
18.630  35.000  34.291  195.527
18.640  35.000  34.802  199.484
18.650  35.000  35.267  203.435
18.660  35.000  35.107  207.695
18.670  35.000  35.328  211.676
18.680  35.000  34.543  215.362
18.690  35.000  35.217  218.914
18.700  35.000  35.038  222.396
18.710  35.000  34.833  226.037
18.720  35.000  34.882  229.948
18.730  35.000  35.656  233.732
18.740  35.000  34.946  237.280
18.750  35.000  34.649  240.839
18.760  35.000  34.947  244.470
18.770  35.000  35.872  247.827
18.780  35.000  35.186  251.021
18.790  35.000  34.368  254.443
18.800  35.000  34.740  257.939
18.810  35.000  35.324  261.608
18.820  35.000  35.042  265.186
18.830  35.000  35.329  268.552
18.840  35.000  35.003  271.985
18.850  35.000  34.879  275.369
18.860  35.000  34.758  278.480
18.870  35.000  35.482  281.662
18.880  35.000  34.843  285.045
18.890  35.000  34.678  288.467
18.900  35.000  35.218  291.890
18.910  35.000  35.563  295.053
18.920  35.000  34.799  298.162
18.930  35.000  35.185  301.373
18.940  35.000  35.287  304.338
18.950  35.000  35.125  307.206
18.960  35.000  34.497  310.080
18.970  35.000  35.250  312.763
18.980  35.000  35.852  315.207
18.990  35.000  35.405  317.605
19.000  35.000  34.580  320.165
19.010  35.000  34.830  322.855
19.020  35.000  34.654  325.576
19.030  35.000  34.651  328.305
19.040  35.000  35.270  331.080
19.050  35.000  35.611  333.963
19.060  35.000  35.126  336.755
19.070  35.000  34.789  339.368
19.080  35.000  35.205  341.979
19.090  35.000  35.208  344.369
19.100  35.000  35.148  346.689
19.110  35.000  35.093  349.222
19.120  35.000  35.228  351.620
19.130  35.000  35.722  353.716
19.140  35.000  35.332  355.777
19.150  35.000  34.180  357.921
19.160  35.000  34.517  360.081
19.170  35.000  35.046  362.317
19.180  10.000  35.391  364.700
19.190  10.000  35.282  366.840
19.200  10.000  30.978  367.998
19.210  10.000  25.270  366.338
19.220  10.000  12.672  360.494
19.230  10.000  7.640  353.963
19.240  10.000  6.831  349.014
19.250  10.000  7.329  344.260
19.260  10.000  8.024  338.920
19.270  10.000  8.602  333.660
19.280  10.000  9.286  329.180
19.290  10.000  9.713  324.558
19.300  10.000  9.730  319.825
19.310  10.000  9.621  315.287
19.320  10.000  9.664  310.491
19.330  10.000  9.477  305.461
19.340  10.000  9.560  300.595
19.350  10.000  9.502  295.999
19.360  10.000  9.568  291.585
19.370  10.000  9.764  287.155
19.380  10.000  9.793  282.705
19.390  10.000  9.964  278.303
19.400  10.000  9.893  274.105
19.410  10.000  10.051  269.859
19.420  10.000  9.907  265.577
19.430  10.000  9.934  261.339
19.440  10.000  9.814  257.079
19.450  10.000  9.910  253.059
19.460  10.000  9.843  248.847
19.470  10.000  9.943  244.617
19.480  10.000  9.890  240.695
19.490  10.000  9.926  236.796
19.500  10.000  9.880  232.840
19.510  10.000  9.851  228.928
19.520  10.000  9.818  225.061
19.530  10.000  9.906  221.184
19.540  10.000  9.924  217.393
19.550  10.000  9.900  213.659
19.560  10.000  9.978  209.853
19.570  10.000  9.900  206.085
19.580  10.000  9.848  202.458
19.590  10.000  9.798  198.773
19.600  10.000  9.824  195.091
19.610  10.000  9.788  191.453
19.620  10.000  9.820  187.937
19.630  10.000  9.774  184.642
19.640  10.000  9.797  181.304
19.650  10.000  9.762  177.870
19.660  10.000  9.560  174.444
19.670  10.000  9.555  170.946
19.680  10.000  9.487  167.454
19.690  10.000  9.399  164.128
19.700  10.000  9.473  160.956
19.710  10.000  9.743  157.931
19.720  10.000  10.028  154.966
19.730  10.000  10.188  151.889
19.740  10.000  10.138  148.775
19.750  10.000  9.914  145.713
19.760  10.000  9.731  142.588
19.770  10.000  9.748  139.473
19.780  10.000  9.952  136.544
19.790  10.000  9.962  133.756
19.800  10.000  9.984  131.029
19.810  10.000  9.938  128.048
19.820  10.000  9.923  124.968
19.830  10.000  10.027  122.107
19.840  10.000  9.948  119.383
19.850  10.000  9.908  116.786
19.860  10.000  9.873  114.182
19.870  10.000  9.942  111.525
19.880  10.000  9.997  108.909
19.890  10.000  9.907  106.276
19.900  10.000  9.941  103.713
19.910  10.000  10.023  101.398
19.920  10.000  9.944  99.159
19.930  10.000  10.014  96.860
19.940  10.000  9.880  94.564
19.950  10.000  9.956  92.200
19.960  10.000  9.952  89.680
19.970  10.000  9.952  87.340
19.980  10.000  10.044  85.202
19.990  10.000  9.993  83.084
20.000  10.000  9.879  80.938
20.010  10.000  9.926  78.766
20.020  10.000  9.981  76.686
20.030  10.000  9.860  74.671
20.040  10.000  9.944  72.703
20.050  10.000  10.058  70.784
20.060  10.000  10.008  68.864
20.070  10.000  9.948  66.852
20.080  10.000  9.859  64.847
20.090  10.000  9.888  62.943
20.100  10.000  9.996  60.897
20.110  10.000  10.146  58.761
20.120  10.000  10.044  56.725
20.130  10.000  9.765  54.899
20.140  10.000  9.709  53.204
20.150  10.000  10.033  51.635
20.160  10.000  10.241  50.135
20.170  10.000  10.021  48.357
20.180  10.000  9.782  46.566
20.190  10.000  9.869  44.990
20.200  10.000  10.028  43.420
20.210  10.000  9.939  41.926
20.220  10.000  9.966  40.483
20.230  10.000  9.851  39.049
20.240  10.000  10.084  37.514
20.250  10.000  9.889  35.930
20.260  10.000  9.938  34.399
20.270  10.000  9.926  32.886
20.280  10.000  9.697  31.594
20.290  10.000  9.927  30.322
20.300  10.000  9.907  28.973
20.310  10.000  9.800  27.669
20.320  10.000  9.771  26.414
20.330  10.000  9.693  25.088
20.340  10.000  9.752  23.685
20.350  10.000  9.668  22.358
20.360  10.000  9.520  21.212
20.370  10.000  9.529  20.286
20.380  10.000  9.730  19.526
20.390  10.000  9.968  18.849
20.400  10.000  10.244  18.137
20.410  10.000  10.129  17.473
20.420  10.000  10.020  16.786
20.430  10.000  9.916  15.959
20.440  10.000  9.900  15.005
20.450  10.000  9.888  14.007
20.460  10.000  9.886  13.127
20.470  10.000  9.855  12.345
20.480  10.000  9.969  11.697
20.490  10.000  9.964  11.222
20.500  10.000  9.962  10.728
20.510  10.000  9.979  10.141
20.520  10.000  9.956  9.699
20.530  10.000  9.886  9.502
20.540  10.000  10.111  9.273
20.550  10.000  10.131  8.886
20.560  10.000  10.049  8.277
20.570  10.000  9.967  7.475
20.580  10.000  9.967  6.781
20.590  10.000  9.862  6.270
20.600  10.000  9.895  5.772
20.610  10.000  9.935  5.201
20.620  10.000  10.071  4.644
20.630  10.000  10.063  4.224
20.640  10.000  9.829  3.958
20.650  10.000  9.871  3.681
20.660  10.000  9.948  3.415
20.670  10.000  10.064  3.123
20.680  10.000  10.092  2.727
20.690  10.000  9.852  2.501
20.700  10.000  9.965  2.391
20.710  10.000  9.910  2.231
20.720  10.000  10.012  2.135
20.730  10.000  9.974  2.037
20.740  10.000  9.778  2.066
20.750  10.000  9.962  2.250
20.760  10.000  10.096  2.389
20.770  10.000  10.031  2.427
20.780  10.000  9.938  2.422
20.790  10.000  10.106  2.420
20.800  10.000  10.128  2.454
20.810  10.000  9.762  2.742
20.820  10.000  9.938  3.106
20.830  10.000  10.189  3.370
20.840  10.000  9.767  3.607
20.850  10.000  10.066  3.653
20.860  10.000  10.130  3.547
20.870  10.000  10.028  3.604
20.880  10.000  9.940  3.703
20.890  10.000  10.122  3.678
20.900  10.000  10.056  3.605
20.910  10.000  10.186  3.520
20.920  10.000  10.097  3.339
20.930  10.000  10.046  3.042
20.940  10.000  9.904  2.709
20.950  10.000  9.926  2.342
20.960  10.000  9.921  2.060
20.970  10.000  9.971  1.777
20.980  10.000  10.024  1.302
20.990  10.000  9.854  0.730
21.000  10.000  10.009  0.262
21.010  10.000  9.910  0.118
21.020  10.000  9.964  0.267
21.030  10.000  10.184  0.360
21.040  10.000  9.894  0.442
21.050  10.000  10.082  0.478
21.060  10.000  9.879  0.499
21.070  10.000  9.948  0.587
21.080  10.000  10.112  0.478
21.090  10.000  10.014  0.266
21.100  10.000  9.939  0.131
21.110  10.000  9.887  0.086
21.120  10.000  9.984  -0.019
21.130  10.000  10.105  -0.332
21.140  10.000  10.215  -0.637
21.150  10.000  9.916  -0.851
21.160  10.000  10.035  -0.998
21.170  10.000  9.762  -1.128
21.180  10.000  9.905  -1.230
21.190  10.000  10.017  -1.163
21.200  10.000  9.924  -0.954
21.210  10.000  9.912  -0.661
21.220  10.000  10.052  -0.401
21.230  10.000  10.142  -0.186
21.240  10.000  10.077  -0.068
21.250  10.000  10.068  -0.133
21.260  10.000  10.066  -0.141
21.270  10.000  10.094  -0.008
21.280  10.000  9.994  0.085
21.290  10.000  10.160  0.018
21.300  10.000  9.830  -0.183
21.310  10.000  10.050  -0.454
21.320  10.000  10.109  -0.765
21.330  10.000  10.027  -0.933
21.340  10.000  10.001  -0.915
21.350  10.000  9.896  -0.992
21.360  10.000  9.931  -1.299
21.370  10.000  10.085  -1.576
21.380  10.000  9.865  -1.688
21.390  10.000  10.007  -1.709
21.400  10.000  10.041  -1.645
21.410  10.000  10.073  -1.557
21.420  10.000  9.931  -1.579
21.430  10.000  9.837  -1.656
21.440  10.000  9.848  -1.689
21.450  10.000  10.192  -1.778
21.460  10.000  10.010  -1.845
21.470  10.000  9.988  -1.724
21.480  10.000  9.900  -1.640
21.490  10.000  9.905  -1.627
21.500  10.000  9.943  -1.546
21.510  10.000  10.046  -1.491
21.520  10.000  10.080  -1.383
21.530  10.000  10.083  -1.171
21.540  10.000  9.907  -1.049
21.550  10.000  10.097  -0.998
21.560  10.000  10.123  -0.996
21.570  10.000  9.976  -1.117
21.580  10.000  9.995  -1.093
21.590  10.000  10.110  -0.888
21.600  10.000  10.018  -0.887
21.610  10.000  10.084  -1.222
21.620  10.000  9.872  -1.681
21.630  10.000  9.884  -1.869
21.640  10.000  9.961  -1.836
21.650  10.000  10.071  -1.887
21.660  10.000  9.827  -1.832
21.670  10.000  9.990  -1.697
21.680  10.000  9.909  -1.725
21.690  10.000  9.975  -1.756
21.700  10.000  10.216  -1.671
21.710  10.000  10.121  -1.628
21.720  10.000  10.111  -1.669
