# covent_pc_7
# Captured 2020-06-18 14:22:21.104926 by unknown user
# Built at revision 65ecf17 (dirty)
time(sec)  pc_setpoint  pressure  volume
0.000  5.000  4.944  -6.903
0.010  5.000  5.008  -6.966
0.020  5.000  4.886  -6.960
0.030  5.000  5.090  -6.919
0.040  5.000  5.018  -7.051
0.050  5.000  4.993  -7.070
0.060  5.000  5.070  -7.055
0.070  5.000  5.015  -7.178
0.080  5.000  5.017  -7.243
0.090  5.000  4.957  -7.044
0.100  5.000  4.908  -6.840
0.110  5.000  5.033  -6.865
0.120  5.000  5.081  -6.999
0.130  5.000  4.995  -7.104
0.140  5.000  4.865  -7.154
0.150  5.000  4.880  -7.125
0.160  5.000  5.065  -7.079
0.170  5.000  4.932  -7.035
0.180  5.000  5.040  -7.007
0.190  5.000  4.907  -6.997
0.200  5.000  5.007  -6.730
0.210  5.000  5.017  -6.294
0.220  5.000  4.947  -6.002
0.230  5.000  5.063  -5.830
0.240  5.000  5.084  -5.755
0.250  5.000  5.019  -5.725
0.260  5.000  5.063  -5.675
0.270  5.000  4.850  -5.724
0.280  5.000  5.048  -5.854
0.290  5.000  4.977  -5.959
0.300  5.000  4.942  -6.151
0.310  5.000  5.064  -6.521
0.320  5.000  5.115  -6.801
0.330  5.000  4.966  -6.639
0.340  5.000  5.045  -6.153
0.350  8.000  4.886  -5.833
0.360  11.000  5.093  -5.725
0.370  14.000  6.300  -5.042
0.380  17.000  9.595  -3.125
0.390  20.000  15.022  0.495
0.400  23.000  22.038  5.853
0.410  26.000  27.690  12.354
0.420  29.000  33.410  18.768
0.430  32.000  34.603  24.610
0.440  35.000  32.319  29.932
0.450  35.000  31.300  34.908
0.460  35.000  32.253  40.601
0.470  35.000  34.186  46.723
0.480  35.000  35.849  52.515
0.490  35.000  36.461  58.143
0.500  35.000  36.999  63.489
0.510  35.000  36.304  69.139
0.520  35.000  35.728  74.552
0.530  35.000  34.295  79.326
0.540  35.000  34.578  84.213
0.550  35.000  34.661  89.196
0.560  35.000  35.156  94.394
0.570  35.000  34.974  99.317
0.580  35.000  35.105  103.866
0.590  35.000  34.844  108.434
0.600  35.000  34.591  112.863
0.610  35.000  35.139  117.413
0.620  35.000  35.646  122.363
0.630  35.000  35.486  127.148
0.640  35.000  34.181  131.588
0.650  35.000  34.801  135.823
0.660  35.000  36.047  140.055
0.670  35.000  35.816  144.299
0.680  35.000  34.512  148.237
0.690  35.000  34.088  152.185
0.700  35.000  34.957  156.156
0.710  35.000  36.392  159.820
0.720  35.000  35.719  163.097
0.730  35.000  33.639  166.219
0.740  35.000  33.957  169.722
0.750  35.000  36.255  173.562
0.760  35.000  36.609  177.068
0.770  35.000  34.848  180.441
0.780  35.000  34.446  183.773
0.790  35.000  34.478  186.669
0.800  35.000  34.638  189.747
0.810  35.000  35.388  193.051
0.820  35.000  35.730  195.989
0.830  35.000  35.141  198.809
0.840  35.000  34.829  201.678
0.850  35.000  34.687  204.528
0.860  35.000  35.023  207.745
0.870  35.000  35.770  211.085
0.880  35.000  35.219  214.087
0.890  35.000  35.962  216.657
0.900  35.000  35.348  219.333
0.910  35.000  34.879  222.035
0.920  35.000  34.751  224.327
0.930  35.000  35.005  226.473
0.940  35.000  35.057  228.773
0.950  35.000  35.524  231.098
0.960  35.000  35.475  233.144
0.970  35.000  35.711  235.002
0.980  35.000  35.036  236.692
0.990  35.000  34.575  238.174
1.000  35.000  35.215  239.638
1.010  35.000  35.567  241.187
1.020  35.000  34.909  242.671
1.030  35.000  34.619  244.102
1.040  35.000  34.893  245.732
1.050  35.000  35.289  247.524
1.060  35.000  35.378  249.248
1.070  35.000  35.386  250.573
1.080  35.000  34.946  251.521
1.090  35.000  34.728  252.450
1.100  35.000  34.839  253.500
1.110  35.000  35.370  254.605
1.120  35.000  35.309  255.504
1.130  35.000  35.085  256.297
1.140  35.000  34.725  257.030
1.150  35.000  34.965  257.806
1.160  35.000  35.163  258.757
1.170  35.000  35.143  259.754
1.180  35.000  35.006  260.689
1.190  35.000  35.221  261.381
1.200  35.000  35.055  261.965
1.210  35.000  35.518  262.512
1.220  35.000  34.620  262.927
1.230  35.000  35.175  263.393
1.240  35.000  35.073  263.841
1.250  35.000  35.289  264.161
1.260  35.000  35.030  264.442
1.270  35.000  35.547  264.721
1.280  35.000  34.507  265.132
1.290  35.000  34.948  265.569
1.300  35.000  34.791  265.810
1.310  35.000  35.141  266.048
1.320  35.000  34.775  266.401
1.330  35.000  35.076  266.766
1.340  35.000  34.840  267.147
1.350  5.000  34.913  267.550
1.360  5.000  34.130  267.804
1.370  5.000  30.876  266.760
1.380  5.000  23.400  261.770
1.390  5.000  12.998  254.420
1.400  5.000  8.401  247.950
1.410  5.000  7.697  242.299
1.420  5.000  7.505  237.062
1.430  5.000  7.288  231.551
1.440  5.000  7.046  225.681
1.450  5.000  6.831  219.847
1.460  5.000  6.784  214.421
1.470  5.000  6.588  208.840
1.480  5.000  6.452  202.913
1.490  5.000  6.300  197.566
1.500  5.000  6.149  192.325
1.510  5.000  6.038  187.333
1.520  5.000  5.809  182.799
1.530  5.000  5.628  177.724
1.540  5.000  5.577  172.718
1.550  5.000  5.441  167.717
1.560  5.000  5.295  162.716
1.570  5.000  5.177  158.189
1.580  5.000  5.028  153.824
1.590  5.000  4.937  149.158
1.600  5.000  4.845  144.023
1.610  5.000  4.738  139.422
1.620  5.000  4.636  135.304
1.630  5.000  4.557  131.097
1.640  5.000  4.516  126.785
1.650  5.000  4.469  122.608
1.660  5.000  4.353  118.334
1.670  5.000  4.361  114.244
1.680  5.000  4.248  110.624
1.690  5.000  4.208  106.940
1.700  5.000  4.282  103.389
1.710  5.000  4.323  99.937
1.720  5.000  4.379  96.257
1.730  5.000  4.254  92.659
1.740  5.000  4.224  89.318
1.750  5.000  4.104  86.156
1.760  5.000  4.140  82.965
1.770  5.000  4.230  79.784
1.780  5.000  4.440  76.840
1.790  5.000  4.471  74.009
1.800  5.000  4.480  71.242
1.810  5.000  4.428  68.449
1.820  5.000  4.284  65.742
1.830  5.000  4.271  63.141
1.840  5.000  4.233  60.496
1.850  5.000  4.286  57.931
1.860  5.000  4.443  55.588
1.870  5.000  4.621  53.312
1.880  5.000  4.742  51.168
1.890  5.000  4.859  49.065
1.900  5.000  4.805  46.985
1.910  5.000  4.826  44.922
1.920  5.000  4.766  42.904
1.930  5.000  4.695  41.077
1.940  5.000  4.709  39.250
1.950  5.000  4.660  37.431
1.960  5.000  4.610  35.590
1.970  5.000  4.445  33.803
1.980  5.000  4.377  32.142
1.990  5.000  4.294  30.525
2.000  5.000  4.350  28.977
2.010  5.000  4.626  27.670
2.020  5.000  4.796  26.583
2.030  5.000  4.990  25.549
2.040  5.000  5.006  24.520
2.050  5.000  4.951  23.468
2.060  5.000  4.944  22.531
2.070  5.000  4.837  21.669
2.080  5.000  4.953  20.845
2.090  5.000  5.100  20.033
2.100  5.000  5.005  19.133
2.110  5.000  4.915  18.041
2.120  5.000  4.671  16.975
2.130  5.000  4.804  16.138
2.140  5.000  4.965  15.492
2.150  5.000  5.125  15.042
2.160  5.000  5.057  14.438
2.170  5.000  4.858  13.803
2.180  5.000  4.972  13.196
2.190  5.000  4.949  12.469
2.200  5.000  4.893  11.855
2.210  5.000  5.039  11.314
2.220  5.000  4.947  10.773
2.230  5.000  5.027  10.226
2.240  5.000  4.943  9.662
2.250  5.000  4.943  9.116
2.260  5.000  5.074  8.486
2.270  5.000  4.946  7.881
2.280  5.000  5.002  7.521
2.290  5.000  4.719  7.438
2.300  5.000  4.973  7.528
2.310  5.000  5.019  7.446
2.320  5.000  4.942  7.259
2.330  5.000  5.053  7.190
2.340  5.000  4.895  7.142
2.350  5.000  5.091  7.150
2.360  5.000  4.896  7.292
2.370  5.000  5.102  7.418
2.380  5.000  4.922  7.441
2.390  5.000  4.967  7.455
2.400  5.000  5.054  7.403
2.410  5.000  4.863  7.305
2.420  5.000  4.957  7.357
2.430  5.000  5.132  7.442
2.440  5.000  5.029  7.435
2.450  5.000  5.140  7.387
2.460  5.000  5.001  7.233
2.470  5.000  4.918  7.078
2.480  5.000  4.969  7.033
2.490  5.000  5.136  6.855
2.500  5.000  5.084  6.440
2.510  5.000  4.772  6.326
2.520  5.000  4.950  6.478
2.530  5.000  5.060  6.429
2.540  5.000  4.990  6.254
2.550  5.000  5.005  6.024
2.560  5.000  5.037  5.784
2.570  5.000  4.847  5.730
2.580  5.000  4.908  5.852
2.590  5.000  4.933  5.893
2.600  5.000  4.999  5.930
2.610  5.000  4.880  6.029
2.620  5.000  5.043  6.141
2.630  5.000  4.968  6.219
2.640  5.000  5.040  6.180
2.650  5.000  4.998  6.162
2.660  5.000  5.120  6.339
2.670  5.000  4.886  6.569
2.680  5.000  5.064  6.749
2.690  5.000  5.017  7.059
2.700  5.000  5.121  7.303
2.710  5.000  5.016  7.183
2.720  5.000  4.950  6.992
2.730  5.000  5.001  6.986
2.740  5.000  4.878  7.148
2.750  5.000  5.029  7.297
2.760  5.000  4.906  7.313
2.770  5.000  5.084  7.270
2.780  5.000  5.003  7.255
2.790  5.000  5.128  7.299
2.800  5.000  5.089  7.267
2.810  5.000  5.077  7.133
2.820  5.000  4.966  7.027
2.830  5.000  5.040  6.989
2.840  5.000  4.898  7.030
2.850  5.000  5.039  7.165
2.860  5.000  4.955  7.256
2.870  5.000  4.968  7.354
2.880  5.000  4.907  7.612
2.890  5.000  5.070  7.686
2.900  5.000  4.901  7.491
2.910  5.000  5.017  7.191
2.920  5.000  4.826  6.912
2.930  5.000  5.011  6.893
2.940  5.000  5.016  6.930
2.950  5.000  4.935  7.130
2.960  5.000  5.052  7.692
2.970  5.000  4.877  8.090
2.980  5.000  5.136  8.071
2.990  5.000  4.974  7.899
3.000  5.000  5.194  7.719
3.010  5.000  4.983  7.531
3.020  5.000  5.008  7.372
3.030  5.000  5.100  7.053
3.040  5.000  4.982  6.650
3.050  5.000  4.995  6.609
3.060  5.000  4.889  6.757
3.070  5.000  4.902  6.991
3.080  5.000  4.897  7.362
3.090  5.000  4.985  7.761
3.100  5.000  4.977  8.095
3.110  5.000  4.896  8.231
3.120  5.000  5.030  8.137
3.130  5.000  5.036  8.039
3.140  5.000  5.043  8.052
3.150  5.000  5.020  8.137
3.160  5.000  4.948  8.181
3.170  5.000  5.088  8.171
3.180  5.000  4.921  8.172
3.190  5.000  5.144  8.072
3.200  5.000  5.006  7.940
3.210  5.000  5.032  7.933
3.220  5.000  5.063  7.720
3.230  5.000  5.001  7.344
3.240  5.000  5.101  7.266
3.250  5.000  5.021  7.203
3.260  5.000  5.021  6.846
3.270  5.000  5.034  6.419
3.280  5.000  4.995  6.236
3.290  5.000  4.943  6.165
3.300  5.000  4.987  5.960
3.310  5.000  4.840  5.853
3.320  5.000  5.019  5.802
3.330  5.000  4.794  5.702
3.340  5.000  5.110  5.747
3.350  5.000  4.982  5.822
3.360  8.000  4.976  6.002
3.370  11.000  5.131  6.255
3.380  14.000  6.468  6.948
3.390  17.000  9.577  8.958
3.400  20.000  15.163  12.592
3.410  23.000  21.958  18.410
3.420  26.000  27.693  25.676
3.430  29.000  33.341  32.489
3.440  32.000  34.849  38.174
3.450  35.000  32.330  43.011
3.460  35.000  30.510  47.842
3.470  35.000  32.084  53.163
3.480  35.000  34.133  58.912
3.490  35.000  36.238  64.399
3.500  35.000  36.507  69.710
3.510  35.000  36.654  75.367
3.520  35.000  36.604  80.823
3.530  35.000  34.935  85.940
3.540  35.000  34.196  90.710
3.550  35.000  34.925  95.332
3.560  35.000  34.464  100.215
3.570  35.000  34.645  105.322
3.580  35.000  35.468  110.623
3.590  35.000  36.052  115.689
3.600  35.000  35.167  120.252
3.610  35.000  34.565  124.346
3.620  35.000  34.134  128.187
3.630  35.000  35.194  132.280
3.640  35.000  35.835  136.630
3.650  35.000  35.737  140.763
3.660  35.000  34.280  144.422
3.670  35.000  34.276  148.113
3.680  35.000  35.086  152.069
3.690  35.000  35.930  155.951
3.700  35.000  35.903  159.470
3.710  35.000  34.664  162.768
3.720  35.000  33.637  166.369
3.730  35.000  35.187  170.226
3.740  35.000  36.381  174.124
3.750  35.000  35.707  177.746
3.760  35.000  34.431  180.890
3.770  35.000  33.813  183.960
3.780  35.000  35.678  187.091
3.790  35.000  35.603  190.275
3.800  35.000  35.063  193.485
3.810  35.000  34.911  196.700
3.820  35.000  34.740  199.879
3.830  35.000  35.816  202.891
3.840  35.000  35.778  205.726
3.850  35.000  35.112  208.309
3.860  35.000  34.561  210.625
3.870  35.000  35.096  213.051
3.880  35.000  35.074  215.628
3.890  35.000  35.310  218.175
3.900  35.000  35.066  220.742
3.910  35.000  35.422  223.207
3.920  35.000  35.647  225.436
3.930  35.000  35.317  227.563
3.940  35.000  34.864  229.599
3.950  35.000  35.046  231.372
3.960  35.000  35.009  233.143
3.970  35.000  34.896  234.984
3.980  35.000  35.376  236.631
3.990  35.000  35.394  238.336
4.000  35.000  35.334  240.170
4.010  35.000  34.940  241.779
4.020  35.000  34.926  243.234
4.030  35.000  34.974  244.932
4.040  35.000  35.047  246.648
4.050  35.000  35.635  248.034
4.060  35.000  35.260  249.261
4.070  35.000  34.207  250.530
4.080  35.000  34.969  251.804
4.090  35.000  35.490  253.099
4.100  35.000  34.885  254.562
4.110  35.000  35.221  255.873
4.120  35.000  35.339  257.053
4.130  35.000  35.246  258.008
4.140  35.000  34.596  258.709
4.150  35.000  35.276  259.552
4.160  35.000  35.257  260.181
4.170  35.000  35.253  260.516
4.180  35.000  35.011  260.908
4.190  35.000  34.986  261.404
4.200  35.000  35.071  261.931
4.210  35.000  34.766  262.371
4.220  35.000  35.013  262.953
4.230  35.000  34.919  263.772
4.240  35.000  35.185  264.449
4.250  35.000  35.279  264.882
4.260  35.000  35.030  265.128
4.270  35.000  34.989  265.212
4.280  35.000  35.085  265.389
4.290  35.000  34.875  265.846
4.300  35.000  35.373  266.247
4.310  35.000  34.745  266.713
4.320  35.000  35.200  267.359
4.330  35.000  34.817  267.958
4.340  35.000  35.262  268.398
4.350  35.000  34.762  268.698
4.360  5.000  35.560  269.021
4.370  5.000  34.312  269.067
4.380  5.000  30.796  267.910
4.390  5.000  23.273  263.429
4.400  5.000  12.929  256.448
4.410  5.000  8.419  249.935
4.420  5.000  7.706  244.320
4.430  5.000  7.406  238.582
4.440  5.000  7.241  232.783
4.450  5.000  7.021  227.261
4.460  5.000  6.884  221.895
4.470  5.000  6.799  216.869
4.480  5.000  6.575  211.428
4.490  5.000  6.455  206.111
4.500  5.000  6.269  200.969
4.510  5.000  6.223  195.321
4.520  5.000  5.900  190.088
4.530  5.000  5.871  185.302
4.540  5.000  5.723  180.571
4.550  5.000  5.519  175.661
4.560  5.000  5.436  170.728
4.570  5.000  5.284  166.182
4.580  5.000  5.172  161.388
4.590  5.000  5.082  156.289
4.600  5.000  4.968  151.390
4.610  5.000  4.717  146.500
4.620  5.000  4.691  141.985
4.630  5.000  4.562  137.802
4.640  5.000  4.556  133.282
4.650  5.000  4.509  128.975
4.660  5.000  4.450  124.892
4.670  5.000  4.401  120.708
4.680  5.000  4.300  116.435
4.690  5.000  4.248  112.364
4.700  5.000  4.227  108.792
4.710  5.000  4.366  105.315
4.720  5.000  4.428  101.716
4.730  5.000  4.432  98.163
4.740  5.000  4.364  94.514
4.750  5.000  4.256  90.898
4.760  5.000  4.178  87.541
4.770  5.000  4.055  84.231
4.780  5.000  4.208  81.021
4.790  5.000  4.358  78.030
4.800  5.000  4.501  75.094
4.810  5.000  4.496  72.102
4.820  5.000  4.510  69.218
4.830  5.000  4.355  66.464
4.840  5.000  4.247  63.706
4.850  5.000  4.194  60.971
4.860  5.000  4.289  58.356
4.870  5.000  4.383  55.862
4.880  5.000  4.564  53.576
4.890  5.000  4.754  51.324
4.900  5.000  4.795  49.173
4.910  5.000  4.891  47.168
4.920  5.000  4.796  45.186
4.930  5.000  4.731  43.158
4.940  5.000  4.711  41.131
4.950  5.000  4.704  39.151
4.960  5.000  4.632  37.224
4.970  5.000  4.649  35.312
4.980  5.000  4.436  33.349
4.990  5.000  4.401  31.436
5.000  5.000  4.309  29.686
5.010  5.000  4.295  28.121
5.020  5.000  4.530  26.687
5.030  5.000  4.886  25.481
5.040  5.000  5.171  24.505
5.050  5.000  5.106  23.490
5.060  5.000  4.799  22.264
5.070  5.000  4.792  21.046
5.080  5.000  4.905  19.898
5.090  5.000  4.879  19.020
5.100  5.000  4.984  18.393
5.110  5.000  4.994  17.699
5.120  5.000  5.011  16.932
5.130  5.000  4.896  15.978
5.140  5.000  4.813  15.023
5.150  5.000  4.928  14.368
5.160  5.000  4.992  13.750
5.170  5.000  4.932  13.056
5.180  5.000  4.986  12.328
5.190  5.000  4.875  11.596
5.200  5.000  5.009  10.925
5.210  5.000  5.110  10.367
5.220  5.000  4.912  10.033
5.230  5.000  4.871  9.703
5.240  5.000  4.888  9.243
5.250  5.000  5.011  8.596
5.260  5.000  5.011  7.998
5.270  5.000  5.081  7.719
5.280  5.000  4.933  7.535
5.290  5.000  4.955  7.221
5.300  5.000  5.009  6.872
5.310  5.000  5.037  6.524
5.320  5.000  4.873  6.161
5.330  5.000  4.940  5.714
5.340  5.000  4.986  5.186
5.350  5.000  5.002  4.879
5.360  5.000  4.855  4.747
5.370  5.000  5.069  4.554
5.380  5.000  4.988  4.321
5.390  5.000  4.968  4.188
5.400  5.000  5.073  3.982
5.410  5.000  4.966  3.691
5.420  5.000  5.040  3.589
5.430  5.000  5.038  3.454
5.440  5.000  5.054  3.133
5.450  5.000  4.903  3.006
5.460  5.000  4.831  3.115
5.470  5.000  5.093  2.964
5.480  5.000  5.070  2.444
5.490  5.000  4.808  2.067
5.500  5.000  4.976  1.911
5.510  5.000  4.945  1.680
5.520  5.000  4.955  1.615
5.530  5.000  5.032  1.664
5.540  5.000  4.973  1.503
5.550  5.000  4.889  1.411
5.560  5.000  5.022  1.639
5.570  5.000  4.887  2.060
5.580  5.000  5.219  2.205
5.590  5.000  4.926  2.128
5.600  5.000  5.028  2.152
5.610  5.000  4.931  2.082
5.620  5.000  5.054  1.961
5.630  5.000  4.938  1.995
5.640  5.000  5.062  2.115
5.650  5.000  4.927  2.138
5.660  5.000  5.067  2.116
5.670  5.000  4.938  1.920
5.680  5.000  5.094  1.660
5.690  5.000  4.987  1.561
5.700  5.000  5.081  1.423
5.710  5.000  5.104  1.201
5.720  5.000  5.087  0.786
5.730  5.000  4.935  0.422
5.740  5.000  4.974  0.289
5.750  5.000  5.078  0.022
5.760  5.000  4.919  -0.344
5.770  5.000  4.854  -0.387
5.780  5.000  4.954  -0.119
5.790  5.000  5.124  0.036
5.800  5.000  5.074  0.105
5.810  5.000  5.008  0.189
5.820  5.000  4.953  0.207
5.830  5.000  5.114  0.066
5.840  5.000  4.933  -0.142
5.850  5.000  4.906  -0.186
5.860  5.000  5.041  -0.194
5.870  5.000  4.932  -0.301
5.880  5.000  5.090  -0.342
5.890  5.000  5.069  -0.337
5.900  5.000  5.041  -0.556
5.910  5.000  5.037  -0.935
5.920  5.000  4.856  -1.118
5.930  5.000  4.968  -1.119
5.940  5.000  5.011  -1.385
5.950  5.000  5.023  -1.760
5.960  5.000  5.116  -1.715
5.970  5.000  4.820  -1.713
5.980  5.000  4.954  -2.028
5.990  5.000  4.957  -2.249
6.000  5.000  5.081  -2.401
6.010  5.000  4.980  -2.533
6.020  5.000  4.886  -2.383
6.030  5.000  4.869  -1.958
6.040  5.000  4.961  -1.547
6.050  5.000  4.881  -1.246
6.060  5.000  5.077  -1.235
6.070  5.000  5.011  -1.350
6.080  5.000  4.975  -1.250
6.090  5.000  5.157  -1.144
6.100  5.000  4.929  -1.027
6.110  5.000  4.968  -0.908
6.120  5.000  4.904  -0.883
6.130  5.000  5.033  -0.834
6.140  5.000  5.073  -0.762
6.150  5.000  5.075  -0.750
6.160  5.000  5.004  -0.715
6.170  5.000  5.045  -0.482
6.180  5.000  5.036  -0.161
6.190  5.000  4.936  -0.066
6.200  5.000  5.096  -0.196
6.210  5.000  4.858  -0.341
6.220  5.000  5.127  -0.476
6.230  5.000  4.969  -0.568
6.240  5.000  5.049  -0.682
6.250  5.000  4.971  -0.763
6.260  5.000  5.051  -0.773
6.270  5.000  5.082  -0.789
6.280  5.000  4.992  -0.934
6.290  5.000  5.030  -1.133
6.300  5.000  4.988  -1.367
6.310  5.000  5.175  -1.828
6.320  5.000  4.886  -2.158
6.330  5.000  5.092  -2.316
6.340  5.000  5.030  -2.541
6.350  5.000  4.974  -2.706
6.360  5.000  4.899  -2.878
6.370  8.000  4.957  -2.980
6.380  11.000  5.058  -2.690
6.390  14.000  6.101  -1.816
6.400  17.000  9.442  -0.069
6.410  20.000  14.788  3.346
6.420  23.000  21.675  8.763
6.430  26.000  27.325  15.443
6.440  29.000  32.634  22.097
6.450  32.000  33.929  28.340
6.460  35.000  32.295  33.920
6.470  35.000  31.384  39.317
6.480  35.000  33.650  45.390
6.490  35.000  36.264  51.428
6.500  35.000  36.413  57.455
6.510  35.000  36.894  63.513
6.520  35.000  36.708  69.290
6.530  35.000  34.968  74.614
6.540  35.000  33.719  79.594
6.550  35.000  35.271  84.519
6.560  35.000  35.559  89.259
6.570  35.000  33.808  93.843
6.580  35.000  34.276  98.435
6.590  35.000  35.303  103.411
6.600  35.000  36.272  108.409
6.610  35.000  36.149  112.936
6.620  35.000  34.367  117.249
6.630  35.000  33.898  121.247
6.640  35.000  35.310  125.244
6.650  35.000  35.053  129.782
6.660  35.000  35.546  133.929
6.670  35.000  34.786  137.420
6.680  35.000  34.458  141.114
6.690  35.000  35.200  145.323
6.700  35.000  36.258  149.199
6.710  35.000  35.562  152.221
6.720  35.000  34.051  155.131
6.730  35.000  34.009  158.259
6.740  35.000  35.349  161.808
6.750  35.000  36.161  165.466
6.760  35.000  35.419  168.875
6.770  35.000  34.401  172.208
6.780  35.000  34.561  175.691
6.790  35.000  35.210  179.257
6.800  35.000  35.803  182.473
6.810  35.000  35.157  185.587
6.820  35.000  35.152  188.579
6.830  35.000  34.472  191.236
6.840  35.000  35.071  194.030
6.850  35.000  35.218  197.172
6.860  35.000  35.666  200.371
6.870  35.000  35.026  203.242
6.880  35.000  35.203  205.687
6.890  35.000  34.912  208.010
6.900  35.000  35.274  210.536
6.910  35.000  35.461  213.157
6.920  35.000  35.244  215.745
6.930  35.000  35.434  218.134
6.940  35.000  35.327  220.301
6.950  35.000  34.970  222.410
6.960  35.000  34.767  224.535
6.970  35.000  34.960  226.490
6.980  35.000  35.289  228.237
6.990  35.000  35.098  230.075
7.000  35.000  35.221  231.951
7.010  35.000  35.296  233.786
7.020  35.000  35.380  235.529
7.030  35.000  35.250  237.211
7.040  35.000  35.331  238.687
7.050  35.000  34.940  240.105
7.060  35.000  34.441  241.604
7.070  35.000  35.249  243.027
7.080  35.000  35.769  244.364
7.090  35.000  34.732  245.377
7.100  35.000  34.470  246.220
7.110  35.000  35.301  247.250
7.120  35.000  35.310  248.577
7.130  35.000  34.981  249.883
7.140  35.000  34.730  250.987
7.150  35.000  35.221  251.958
7.160  35.000  35.226  252.949
7.170  35.000  35.029  254.060
7.180  35.000  35.470  254.969
7.190  35.000  34.513  255.785
7.200  35.000  35.564  256.491
7.210  35.000  34.898  256.969
7.220  35.000  35.258  257.392
7.230  35.000  35.137  257.731
7.240  35.000  35.228  258.199
7.250  35.000  35.140  258.803
7.260  35.000  34.836  259.422
7.270  35.000  35.074  260.005
7.280  35.000  34.981  260.577
7.290  35.000  35.147  261.093
7.300  35.000  34.995  261.421
7.310  35.000  35.261  261.672
7.320  35.000  35.263  261.963
7.330  35.000  34.354  262.299
7.340  35.000  35.449  262.535
7.350  35.000  34.744  262.720
7.360  35.000  35.099  262.935
7.370  5.000  34.760  263.210
7.380  5.000  34.083  263.098
7.390  5.000  30.321  261.477
7.400  5.000  23.212  256.605
7.410  5.000  12.743  248.846
7.420  5.000  8.335  241.618
7.430  5.000  7.639  236.049
7.440  5.000  7.442  230.631
7.450  5.000  7.232  224.723
7.460  5.000  7.063  218.673
7.470  5.000  6.806  213.115
7.480  5.000  6.686  208.005
7.490  5.000  6.516  202.427
7.500  5.000  6.447  196.823
7.510  5.000  6.219  191.960
7.520  5.000  6.114  187.103
7.530  5.000  5.936  181.852
7.540  5.000  5.855  176.470
7.550  5.000  5.701  171.375
7.560  5.000  5.462  166.423
7.570  5.000  5.405  161.615
7.580  5.000  5.244  157.118
7.590  5.000  5.088  152.597
7.600  5.000  5.051  147.807
7.610  5.000  4.869  143.166
7.620  5.000  4.672  138.831
7.630  5.000  4.629  134.607
7.640  5.000  4.541  130.208
7.650  5.000  4.596  125.493
7.660  5.000  4.513  120.877
7.670  5.000  4.512  116.699
7.680  5.000  4.401  112.571
7.690  5.000  4.293  108.097
7.700  5.000  4.246  103.965
7.710  5.000  4.284  100.333
7.720  5.000  4.369  96.856
7.730  5.000  4.432  92.944
7.740  5.000  4.362  88.976
7.750  5.000  4.316  85.396
7.760  5.000  4.123  81.883
7.770  5.000  4.125  78.629
7.780  5.000  4.209  75.401
7.790  5.000  4.305  72.233
7.800  5.000  4.428  69.187
7.810  5.000  4.470  66.133
7.820  5.000  4.461  63.318
7.830  5.000  4.387  60.590
7.840  5.000  4.282  57.882
7.850  5.000  4.201  55.246
7.860  5.000  4.225  52.740
7.870  5.000  4.266  50.391
7.880  5.000  4.487  48.098
7.890  5.000  4.720  45.886
7.900  5.000  4.868  43.753
7.910  5.000  4.807  41.704
7.920  5.000  4.857  39.620
7.930  5.000  4.785  37.430
7.940  5.000  4.739  35.335
7.950  5.000  4.719  33.380
7.960  5.000  4.612  31.481
7.970  5.000  4.645  29.660
7.980  5.000  4.531  27.881
7.990  5.000  4.482  26.010
8.000  5.000  4.356  24.235
8.010  5.000  4.277  22.644
8.020  5.000  4.382  20.953
8.030  5.000  4.633  19.401
8.040  5.000  5.002  18.236
8.050  5.000  5.054  17.158
8.060  5.000  4.956  16.093
8.070  5.000  4.901  15.151
8.080  5.000  4.864  14.182
8.090  5.000  4.861  13.048
8.100  5.000  4.990  11.783
8.110  5.000  4.935  10.597
8.120  5.000  4.960  9.579
8.130  5.000  4.900  8.647
8.140  5.000  4.878  7.873
8.150  5.000  4.954  7.328
8.160  5.000  4.837  6.935
8.170  5.000  4.856  6.559
8.180  5.000  4.955  6.150
8.190  5.000  5.034  5.808
8.200  5.000  5.144  5.427
8.210  5.000  5.024  5.010
8.220  5.000  4.916  4.603
8.230  5.000  5.008  4.025
8.240  5.000  4.905  3.449
8.250  5.000  5.043  2.964
8.260  5.000  4.969  2.473
8.270  5.000  4.879  2.039
8.280  5.000  4.986  1.679
8.290  5.000  4.985  1.472
8.300  5.000  4.918  1.484
8.310  5.000  4.886  1.413
8.320  5.000  4.999  1.213
8.330  5.000  5.085  0.896
8.340  5.000  4.945  0.722
8.350  5.000  4.919  0.767
8.360  5.000  4.984  0.643
8.370  5.000  4.909  0.537
8.380  5.000  5.093  0.334
8.390  5.000  5.071  0.001
8.400  5.000  5.032  -0.067
8.410  5.000  4.852  0.050
8.420  5.000  4.955  0.108
8.430  5.000  4.996  0.072
8.440  5.000  5.003  -0.052
8.450  5.000  4.912  -0.110
8.460  5.000  4.818  0.156
8.470  5.000  4.965  0.570
8.480  5.000  4.867  0.897
8.490  5.000  4.980  1.199
8.500  5.000  4.929  1.644
8.510  5.000  5.105  1.984
8.520  5.000  5.114  1.879
8.530  5.000  5.154  1.680
8.540  5.000  4.983  1.638
8.550  5.000  5.110  1.569
8.560  5.000  4.960  1.582
8.570  5.000  5.132  1.727
8.580  5.000  4.983  1.928
8.590  5.000  4.877  2.109
8.600  5.000  5.065  2.102
8.610  5.000  4.988  2.098
8.620  5.000  5.061  2.174
8.630  5.000  4.969  2.347
8.640  5.000  5.043  2.525
8.650  5.000  5.013  2.514
8.660  5.000  5.019  2.402
8.670  5.000  4.928  2.330
8.680  5.000  5.014  2.202
8.690  5.000  5.011  2.023
8.700  5.000  5.018  1.747
8.710  5.000  4.934  1.446
8.720  5.000  4.988  1.303
8.730  5.000  4.901  1.345
8.740  5.000  4.928  1.554
8.750  5.000  4.925  1.678
8.760  5.000  5.080  1.636
8.770  5.000  5.081  1.520
8.780  5.000  5.091  1.310
8.790  5.000  5.091  1.035
8.800  5.000  5.015  0.849
8.810  5.000  4.898  0.865
8.820  5.000  4.904  0.978
8.830  5.000  4.960  1.135
8.840  5.000  5.015  1.257
8.850  5.000  4.907  1.206
8.860  5.000  4.933  1.112
8.870  5.000  4.975  1.179
8.880  5.000  4.964  1.398
8.890  5.000  5.139  1.384
8.900  5.000  4.880  1.264
8.910  5.000  5.145  1.131
8.920  5.000  4.893  0.871
8.930  5.000  5.000  0.779
8.940  5.000  5.047  0.769
8.950  5.000  4.885  0.691
8.960  5.000  4.953  0.785
8.970  5.000  5.051  1.044
8.980  5.000  4.939  1.250
8.990  5.000  4.972  1.549
9.000  5.000  5.006  1.916
9.010  5.000  5.049  2.163
9.020  5.000  5.093  2.235
9.030  5.000  5.081  2.212
9.040  5.000  4.980  2.243
9.050  5.000  5.141  2.232
9.060  5.000  4.902  2.101
9.070  5.000  4.995  1.932
9.080  5.000  4.990  1.852
9.090  5.000  5.126  1.861
9.100  5.000  5.013  1.782
9.110  5.000  5.042  1.599
9.120  5.000  4.888  1.487
9.130  5.000  5.051  1.587
9.140  5.000  5.064  1.757
9.150  5.000  4.935  1.888
9.160  5.000  4.971  2.005
9.170  5.000  4.962  1.913
9.180  5.000  5.017  1.657
9.190  5.000  5.033  1.422
9.200  5.000  5.112  1.257
9.210  5.000  4.974  1.197
9.220  5.000  4.937  1.187
9.230  5.000  4.872  1.269
9.240  5.000  4.965  1.522
9.250  5.000  5.028  1.603
9.260  5.000  4.954  1.468
9.270  5.000  4.967  1.369
9.280  5.000  4.862  1.322
9.290  5.000  4.972  1.351
9.300  5.000  4.993  1.352
9.310  5.000  5.011  1.473
9.320  5.000  4.959  1.640
9.330  5.000  4.942  1.658
9.340  5.000  5.171  1.630
9.350  5.000  5.042  1.704
9.360  5.000  5.075  1.864
9.370  5.000  4.998  1.933
9.380  8.000  4.996  1.893
9.390  11.000  5.243  1.874
9.400  14.000  6.237  2.697
9.410  17.000  9.451  5.041
9.420  20.000  14.834  8.759
9.430  23.000  21.715  13.965
9.440  26.000  27.779  20.457
9.450  29.000  32.782  27.000
9.460  32.000  34.765  32.636
9.470  35.000  32.638  37.546
9.480  35.000  30.973  42.601
9.490  35.000  32.917  47.907
9.500  35.000  34.367  53.676
9.510  35.000  35.460  59.798
9.520  35.000  36.708  65.579
9.530  35.000  36.700  71.173
9.540  35.000  37.703  76.457
9.550  35.000  35.864  81.295
9.560  35.000  34.170  85.692
9.570  35.000  33.622  90.251
9.580  35.000  35.329  95.260
9.590  35.000  34.964  99.907
9.600  35.000  34.435  104.135
9.610  35.000  34.672  108.424
9.620  35.000  35.092  112.970
9.630  35.000  35.953  117.470
9.640  35.000  35.075  121.821
9.650  35.000  34.212  125.975
9.660  35.000  34.550  130.182
9.670  35.000  35.577  134.630
9.680  35.000  35.851  139.076
9.690  35.000  35.247  143.115
9.700  35.000  33.980  146.665
9.710  35.000  34.703  150.320
9.720  35.000  36.110  154.201
9.730  35.000  35.972  157.804
9.740  35.000  34.792  161.175
9.750  35.000  33.957  164.773
9.760  35.000  34.770  168.536
9.770  35.000  35.624  172.223
9.780  35.000  35.597  175.645
9.790  35.000  34.937  179.043
9.800  35.000  34.930  182.349
9.810  35.000  34.957  185.604
9.820  35.000  35.061  188.854
9.830  35.000  35.777  191.977
9.840  35.000  34.717  195.247
9.850  35.000  35.038  198.289
9.860  35.000  35.125  201.222
9.870  35.000  35.099  204.260
9.880  35.000  35.388  206.942
9.890  35.000  35.012  209.207
9.900  35.000  35.226  211.291
9.910  35.000  35.194  213.779
9.920  35.000  35.176  216.612
9.930  35.000  36.111  219.158
9.940  35.000  35.683  221.596
9.950  35.000  34.575  224.016
9.960  35.000  34.400  226.057
9.970  35.000  34.633  227.955
9.980  35.000  35.213  230.132
9.990  35.000  35.718  232.306
10.000  35.000  35.386  234.358
10.010  35.000  35.030  236.345
10.020  35.000  35.208  238.252
10.030  35.000  35.339  240.243
10.040  35.000  34.958  242.091
10.050  35.000  35.296  243.818
10.060  35.000  34.839  245.533
10.070  35.000  35.246  247.044
10.080  35.000  35.028  248.490
10.090  35.000  35.246  249.899
10.100  35.000  34.660  251.138
10.110  35.000  35.354  252.300
10.120  35.000  35.662  253.471
10.130  35.000  34.828  254.525
10.140  35.000  34.721  255.226
10.150  35.000  34.718  256.044
10.160  35.000  35.115  257.203
10.170  35.000  35.017  258.403
10.180  35.000  35.791  259.411
10.190  35.000  34.792  260.301
10.200  35.000  34.867  261.185
10.210  35.000  35.001  261.954
10.220  35.000  35.465  262.640
10.230  35.000  35.026  263.284
10.240  35.000  35.227  263.884
10.250  35.000  34.852  264.377
10.260  35.000  35.215  264.805
10.270  35.000  34.824  265.241
10.280  35.000  35.497  265.648
10.290  35.000  34.738  265.997
10.300  35.000  35.261  266.297
10.310  35.000  34.605  266.602
10.320  35.000  35.491  266.807
10.330  35.000  35.079  266.834
10.340  35.000  35.156  266.758
10.350  35.000  34.918  266.778
10.360  35.000  34.975  266.946
10.370  35.000  35.420  267.007
10.380  5.000  34.656  266.974
10.390  5.000  34.192  266.629
10.400  5.000  30.140  265.042
10.410  5.000  22.741  260.662
10.420  5.000  12.201  253.390
10.430  5.000  8.403  246.326
10.440  5.000  7.777  240.709
10.450  5.000  7.400  234.940
10.460  5.000  7.195  228.872
10.470  5.000  7.085  222.942
10.480  5.000  6.884  217.383
10.490  5.000  6.605  212.066
10.500  5.000  6.451  206.770
10.510  5.000  6.442  201.621
10.520  5.000  6.240  196.604
10.530  5.000  6.081  191.366
10.540  5.000  5.931  185.889
10.550  5.000  5.790  180.495
10.560  5.000  5.628  175.468
10.570  5.000  5.460  170.451
10.580  5.000  5.427  165.433
10.590  5.000  5.205  160.845
10.600  5.000  5.043  156.361
10.610  5.000  4.940  152.020
10.620  5.000  4.903  147.454
10.630  5.000  4.803  142.447
10.640  5.000  4.710  137.852
10.650  5.000  4.609  133.346
10.660  5.000  4.538  128.853
10.670  5.000  4.484  124.777
10.680  5.000  4.454  120.350
10.690  5.000  4.431  115.957
10.700  5.000  4.272  112.079
10.710  5.000  4.200  108.242
10.720  5.000  4.206  104.410
10.730  5.000  4.329  100.712
10.740  5.000  4.437  97.119
10.750  5.000  4.362  93.574
10.760  5.000  4.290  89.649
10.770  5.000  4.149  85.708
10.780  5.000  4.156  82.291
10.790  5.000  4.126  79.116
10.800  5.000  4.289  76.002
10.810  5.000  4.423  72.929
10.820  5.000  4.525  70.010
10.830  5.000  4.420  67.095
10.840  5.000  4.389  64.267
10.850  5.000  4.303  61.383
10.860  5.000  4.256  58.500
10.870  5.000  4.221  55.836
10.880  5.000  4.325  53.275
10.890  5.000  4.494  50.987
10.900  5.000  4.673  48.723
10.910  5.000  4.854  46.291
10.920  5.000  4.899  43.964
10.930  5.000  4.780  41.817
10.940  5.000  4.743  39.727
10.950  5.000  4.625  37.799
10.960  5.000  4.694  35.965
10.970  5.000  4.695  34.125
10.980  5.000  4.631  32.393
10.990  5.000  4.460  30.738
11.000  5.000  4.396  29.075
11.010  5.000  4.352  27.383
11.020  5.000  4.358  25.773
11.030  5.000  4.517  24.193
11.040  5.000  4.686  22.715
11.050  5.000  4.927  21.384
11.060  5.000  5.119  20.089
11.070  5.000  4.977  18.963
11.080  5.000  4.880  17.846
11.090  5.000  4.842  16.685
11.100  5.000  4.898  15.746
11.110  5.000  4.983  14.976
11.120  5.000  4.944  14.043
11.130  5.000  4.873  12.944
11.140  5.000  4.962  12.061
11.150  5.000  4.984  11.375
11.160  5.000  4.894  10.792
11.170  5.000  4.896  10.329
11.180  5.000  4.973  9.823
11.190  5.000  4.943  9.239
11.200  5.000  5.075  8.523
11.210  5.000  4.940  7.747
11.220  5.000  4.924  7.162
11.230  5.000  4.876  6.537
11.240  5.000  5.010  5.595
11.250  5.000  4.938  4.651
11.260  5.000  4.915  4.152
11.270  5.000  4.948  3.984
11.280  5.000  4.909  3.783
11.290  5.000  5.079  3.454
11.300  5.000  4.971  3.119
11.310  5.000  4.954  2.844
11.320  5.000  4.886  2.563
11.330  5.000  5.047  2.320
11.340  5.000  4.896  2.330
11.350  5.000  5.013  2.539
11.360  5.000  5.025  2.579
11.370  5.000  5.033  2.330
11.380  5.000  4.966  1.961
11.390  5.000  5.168  1.618
11.400  5.000  4.925  1.467
11.410  5.000  5.079  1.452
11.420  5.000  4.879  1.419
11.430  5.000  4.946  1.340
11.440  5.000  4.981  1.095
11.450  5.000  4.921  0.971
11.460  5.000  4.990  0.932
11.470  5.000  5.013  0.728
11.480  5.000  4.937  0.574
11.490  5.000  4.946  0.458
11.500  5.000  5.142  0.198
11.510  5.000  5.044  -0.105
11.520  5.000  4.947  -0.384
11.530  5.000  4.919  -0.589
11.540  5.000  4.944  -0.710
11.550  5.000  5.139  -0.997
11.560  5.000  4.962  -1.342
11.570  5.000  4.962  -1.541
11.580  5.000  5.000  -1.671
11.590  5.000  4.922  -1.708
11.600  5.000  5.013  -1.808
11.610  5.000  5.029  -2.151
11.620  5.000  4.922  -2.485
11.630  5.000  4.977  -2.714
11.640  5.000  4.948  -2.879
11.650  5.000  4.966  -2.963
11.660  5.000  5.088  -3.029
11.670  5.000  4.976  -3.159
11.680  5.000  5.005  -3.233
11.690  5.000  4.963  -3.129
11.700  5.000  4.977  -3.069
11.710  5.000  4.936  -3.017
11.720  5.000  5.001  -2.858
11.730  5.000  5.079  -2.900
11.740  5.000  5.033  -3.029
11.750  5.000  4.980  -3.050
11.760  5.000  4.964  -3.136
11.770  5.000  5.010  -3.172
11.780  5.000  5.089  -3.282
11.790  5.000  5.117  -3.577
11.800  5.000  4.989  -3.759
11.810  5.000  5.065  -3.676
11.820  5.000  5.134  -3.573
11.830  5.000  4.931  -3.661
11.840  5.000  4.982  -3.762
11.850  5.000  4.996  -3.901
11.860  5.000  4.876  -4.121
11.870  5.000  4.826  -4.183
11.880  5.000  4.990  -4.133
11.890  5.000  4.908  -4.235
11.900  5.000  4.961  -4.517
11.910  5.000  4.970  -4.532
11.920  5.000  5.026  -4.410
11.930  5.000  5.129  -4.692
11.940  5.000  5.047  -4.979
11.950  5.000  5.119  -4.905
11.960  5.000  5.104  -4.590
11.970  5.000  4.987  -4.521
11.980  5.000  4.904  -4.761
11.990  5.000  5.089  -4.744
12.000  5.000  4.972  -4.556
12.010  5.000  4.927  -4.460
12.020  5.000  4.918  -4.314
12.030  5.000  4.965  -4.221
12.040  5.000  4.825  -4.272
12.050  5.000  5.115  -4.476
12.060  5.000  5.091  -4.802
12.070  5.000  5.187  -5.061
12.080  5.000  4.929  -5.133
12.090  5.000  5.020  -5.063
12.100  5.000  4.885  -5.034
12.110  5.000  5.046  -5.043
12.120  5.000  4.940  -4.963
12.130  5.000  5.162  -4.878
12.140  5.000  4.901  -4.937
12.150  5.000  4.969  -4.966
12.160  5.000  4.864  -4.880
12.170  5.000  4.956  -4.917
12.180  5.000  4.951  -5.044
12.190  5.000  5.115  -5.205
12.200  5.000  4.934  -5.378
12.210  5.000  5.114  -5.543
12.220  5.000  5.062  -5.637
12.230  5.000  4.997  -5.682
12.240  5.000  5.003  -5.796
12.250  5.000  5.073  -5.933
12.260  5.000  4.911  -6.188
12.270  5.000  5.095  -6.407
12.280  5.000  4.903  -6.458
12.290  5.000  5.151  -6.608
12.300  5.000  4.758  -6.846
12.310  5.000  5.004  -6.911
12.320  5.000  5.035  -6.808
12.330  5.000  4.931  -6.589
12.340  5.000  4.977  -6.274
12.350  5.000  5.077  -6.043
12.360  5.000  5.037  -6.085
12.370  5.000  4.966  -6.343
12.380  5.000  5.027  -6.630
12.390  8.000  4.942  -6.726
12.400  11.000  5.057  -6.577
12.410  14.000  6.145  -5.561
12.420  17.000  9.402  -2.883
12.430  20.000  15.295  1.199
12.440  23.000  22.074  6.626
12.450  26.000  27.723  13.269
12.460  29.000  32.898  19.909
12.470  32.000  34.809  25.289
12.480  35.000  32.457  30.008
12.490  35.000  31.142  34.878
12.500  35.000  32.571  40.283
12.510  35.000  34.227  46.302
12.520  35.000  35.757  52.135
12.530  35.000  36.529  57.788
12.540  35.000  37.338  63.003
12.550  35.000  37.537  67.755
12.560  35.000  35.112  72.453
12.570  35.000  33.672  77.183
12.580  35.000  34.832  82.007
12.590  35.000  33.946  86.972
12.600  35.000  35.403  91.817
12.610  35.000  35.144  96.501
12.620  35.000  34.720  101.153
12.630  35.000  34.554  105.670
12.640  35.000  34.974  110.245
12.650  35.000  36.000  114.983
12.660  35.000  36.083  119.546
12.670  35.000  33.590  124.018
12.680  35.000  34.115  128.558
12.690  35.000  36.057  132.677
12.700  35.000  36.985  136.481
12.710  35.000  34.579  140.283
12.720  35.000  33.867  143.885
12.730  35.000  33.771  147.464
12.740  35.000  35.726  151.459
12.750  35.000  36.348  155.555
12.760  35.000  35.160  159.151
12.770  35.000  34.104  162.364
12.780  35.000  34.387  165.813
12.790  35.000  35.514  169.559
12.800  35.000  35.727  173.426
12.810  35.000  35.227  176.932
12.820  35.000  34.531  180.120
12.830  35.000  34.912  183.259
12.840  35.000  35.530  186.372
12.850  35.000  35.784  189.591
12.860  35.000  34.709  192.918
12.870  35.000  34.508  196.312
12.880  35.000  35.715  199.504
12.890  35.000  35.471  202.465
12.900  35.000  35.378  205.082
12.910  35.000  35.488  207.555
12.920  35.000  35.470  210.133
12.930  35.000  34.800  212.426
12.940  35.000  34.409  214.447
12.950  35.000  34.661  216.569
12.960  35.000  35.680  218.891
12.970  35.000  36.004  221.313
12.980  35.000  35.804  223.415
12.990  35.000  34.764  225.289
13.000  35.000  34.530  227.123
13.010  35.000  34.620  228.901
13.020  35.000  35.156  230.801
13.030  35.000  35.417  232.622
13.040  35.000  35.695  234.402
13.050  35.000  35.330  236.250
13.060  35.000  34.542  237.918
13.070  35.000  34.927  239.393
13.080  35.000  35.577  240.873
13.090  35.000  34.955  242.380
13.100  35.000  34.833  243.711
13.110  35.000  35.049  245.036
13.120  35.000  35.030  246.439
13.130  35.000  35.480  247.743
13.140  35.000  35.103  249.064
13.150  35.000  35.050  250.295
13.160  35.000  34.696  251.552
13.170  35.000  34.997  252.821
13.180  35.000  35.294  253.876
13.190  35.000  35.268  254.818
13.200  35.000  35.319  255.565
13.210  35.000  34.731  256.224
13.220  35.000  35.064  256.983
13.230  35.000  34.899  257.627
13.240  35.000  35.163  258.255
13.250  35.000  35.423  258.876
13.260  35.000  35.024  259.236
13.270  35.000  34.788  259.646
13.280  35.000  35.229  260.251
13.290  35.000  34.690  261.012
13.300  35.000  35.492  261.546
13.310  35.000  34.769  261.850
13.320  35.000  34.852  262.251
13.330  35.000  35.724  262.470
13.340  35.000  34.944  262.697
13.350  35.000  35.162  263.050
13.360  35.000  34.840  263.338
13.370  35.000  35.139  263.580
13.380  35.000  34.402  263.930
13.390  5.000  35.058  264.420
13.400  5.000  34.260  264.688
13.410  5.000  31.035  263.673
13.420  5.000  23.310  258.454
13.430  5.000  13.037  250.744
13.440  5.000  8.336  244.545
13.450  5.000  7.754  239.163
13.460  5.000  7.566  233.836
13.470  5.000  7.340  228.459
13.480  5.000  7.061  223.103
13.490  5.000  6.812  217.783
13.500  5.000  6.784  212.024
13.510  5.000  6.538  206.647
13.520  5.000  6.449  201.397
13.530  5.000  6.324  196.094
13.540  5.000  6.187  191.246
13.550  5.000  5.957  185.944
13.560  5.000  6.042  180.393
13.570  5.000  5.678  175.401
13.580  5.000  5.608  170.838
13.590  5.000  5.354  166.334
13.600  5.000  5.346  161.771
13.610  5.000  5.156  157.278
13.620  5.000  5.082  152.864
13.630  5.000  4.904  148.515
13.640  5.000  4.834  144.257
13.650  5.000  4.733  139.689
13.660  5.000  4.633  135.277
13.670  5.000  4.573  130.909
13.680  5.000  4.485  126.278
13.690  5.000  4.445  122.038
13.700  5.000  4.413  118.159
13.710  5.000  4.255  114.214
13.720  5.000  4.258  110.462
13.730  5.000  4.155  106.867
13.740  5.000  4.279  103.152
13.750  5.000  4.404  99.381
13.760  5.000  4.347  95.754
13.770  5.000  4.313  92.392
13.780  5.000  4.198  88.758
13.790  5.000  4.160  85.258
13.800  5.000  4.146  82.044
13.810  5.000  4.263  78.906
13.820  5.000  4.424  76.036
13.830  5.000  4.446  73.166
13.840  5.000  4.498  70.360
13.850  5.000  4.441  67.654
13.860  5.000  4.274  64.968
13.870  5.000  4.193  62.209
13.880  5.000  4.235  59.497
13.890  5.000  4.295  56.922
13.900  5.000  4.520  54.505
13.910  5.000  4.660  52.355
13.920  5.000  4.781  50.297
13.930  5.000  4.834  48.194
13.940  5.000  4.750  45.989
13.950  5.000  4.766  43.856
13.960  5.000  4.753  41.872
13.970  5.000  4.705  39.942
13.980  5.000  4.666  38.134
13.990  5.000  4.618  36.411
14.000  5.000  4.509  34.789
14.010  5.000  4.421  33.170
14.020  5.000  4.318  31.557
14.030  5.000  4.328  30.044
14.040  5.000  4.436  28.590
14.050  5.000  4.691  27.153
14.060  5.000  4.968  25.866
14.070  5.000  5.027  24.797
14.080  5.000  4.940  23.733
14.090  5.000  4.914  22.627
14.100  5.000  4.880  21.548
14.110  5.000  4.986  20.484
14.120  5.000  5.030  19.397
14.130  5.000  4.831  18.453
14.140  5.000  4.821  17.655
14.150  5.000  4.982  16.711
14.160  5.000  4.906  15.721
14.170  5.000  4.898  14.994
14.180  5.000  5.065  14.387
14.190  5.000  4.959  13.802
14.200  5.000  4.964  13.237
14.210  5.000  4.925  12.619
14.220  5.000  4.989  11.974
14.230  5.000  4.975  11.299
14.240  5.000  5.007  10.724
14.250  5.000  4.882  10.441
14.260  5.000  4.883  10.186
14.270  5.000  4.969  9.827
14.280  5.000  4.966  9.553
14.290  5.000  4.988  9.371
14.300  5.000  4.988  9.210
14.310  5.000  5.030  8.817
14.320  5.000  4.931  8.220
14.330  5.000  5.071  7.655
14.340  5.000  5.004  7.156
14.350  5.000  4.987  6.654
14.360  5.000  4.853  6.426
14.370  5.000  5.053  6.369
14.380  5.000  4.963  6.270
14.390  5.000  4.886  6.296
14.400  5.000  4.943  6.230
14.410  5.000  5.007  5.949
14.420  5.000  4.961  5.733
14.430  5.000  4.982  5.755
14.440  5.000  5.034  5.817
14.450  5.000  4.961  5.814
14.460  5.000  4.993  5.740
14.470  5.000  4.985  5.648
14.480  5.000  5.047  5.555
14.490  5.000  5.080  5.438
14.500  5.000  5.019  5.335
14.510  5.000  5.012  5.309
14.520  5.000  4.891  5.376
14.530  5.000  4.988  5.360
14.540  5.000  5.038  5.296
14.550  5.000  4.912  5.221
14.560  5.000  5.023  5.224
14.570  5.000  4.911  5.206
14.580  5.000  5.030  5.054
14.590  5.000  5.013  5.076
14.600  5.000  5.026  5.366
14.610  5.000  4.895  5.762
14.620  5.000  4.898  6.090
14.630  5.000  5.039  6.307
14.640  5.000  5.036  6.458
14.650  5.000  4.912  6.557
14.660  5.000  5.041  6.518
14.670  5.000  5.019  6.390
14.680  5.000  5.068  6.322
14.690  5.000  5.008  6.341
14.700  5.000  4.937  6.473
14.710  5.000  5.011  6.542
14.720  5.000  4.850  6.600
14.730  5.000  5.072  6.762
14.740  5.000  5.002  6.832
14.750  5.000  5.047  6.795
14.760  5.000  4.983  6.835
14.770  5.000  5.012  6.823
14.780  5.000  4.987  6.873
14.790  5.000  5.050  7.210
14.800  5.000  4.970  7.575
14.810  5.000  5.041  7.685
14.820  5.000  5.036  7.511
14.830  5.000  5.143  7.238
14.840  5.000  4.884  7.136
14.850  5.000  5.017  7.118
14.860  5.000  5.043  7.004
14.870  5.000  4.963  6.840
14.880  5.000  4.963  6.593
14.890  5.000  4.954  6.380
14.900  5.000  5.044  6.111
14.910  5.000  4.969  5.743
14.920  5.000  4.885  5.710
14.930  5.000  4.933  5.915
14.940  5.000  4.883  5.927
14.950  5.000  5.075  5.782
14.960  5.000  4.993  5.625
14.970  5.000  5.035  5.481
14.980  5.000  5.095  5.192
14.990  5.000  5.143  4.868
15.000  5.000  5.062  4.756
15.010  5.000  4.918  4.820
15.020  5.000  4.978  4.819
15.030  5.000  4.906  4.780
15.040  5.000  4.876  4.835
15.050  5.000  4.985  4.851
15.060  5.000  4.993  4.887
15.070  5.000  5.005  5.034
15.080  5.000  5.050  5.141
15.090  5.000  4.965  5.224
15.100  5.000  4.993  5.510
15.110  5.000  5.052  5.812
15.120  5.000  4.942  6.004
15.130  5.000  4.976  6.193
15.140  5.000  4.970  6.298
15.150  5.000  5.149  6.268
15.160  5.000  5.107  6.146
15.170  5.000  5.030  6.069
15.180  5.000  5.070  5.993
15.190  5.000  4.992  5.748
15.200  5.000  4.983  5.642
15.210  5.000  5.019  5.772
15.220  5.000  4.951  5.732
15.230  5.000  5.032  5.492
15.240  5.000  5.048  5.132
15.250  5.000  4.948  4.771
15.260  5.000  4.944  4.647
15.270  5.000  5.002  4.739
15.280  5.000  4.989  4.837
15.290  5.000  4.976  4.904
15.300  5.000  5.104  4.877
15.310  5.000  4.900  4.769
15.320  5.000  5.090  4.660
15.330  5.000  4.895  4.536
15.340  5.000  4.993  4.246
15.350  5.000  5.088  3.860
15.360  5.000  4.933  3.771
15.370  5.000  4.990  4.047
15.380  5.000  4.919  4.315
15.390  5.000  5.025  4.348
15.400  8.000  5.099  4.221
15.410  11.000  4.992  4.012
15.420  14.000  6.177  4.409
15.430  17.000  9.300  6.309
15.440  20.000  14.806  9.843
15.450  23.000  21.912  15.342
15.460  26.000  27.712  22.236
15.470  29.000  33.154  28.823
15.480  32.000  34.399  34.638
15.490  34.999  32.067  40.031
15.500  35.000  31.094  45.323
15.510  35.000  33.870  50.773
15.520  35.000  36.143  56.136
15.530  35.000  36.751  61.048
15.540  35.000  36.579  65.989
15.550  35.000  35.609  71.595
15.560  35.000  35.370  76.782
15.570  35.000  34.452  81.401
15.580  35.000  34.252  86.171
15.590  35.000  34.396  90.806
15.600  35.000  34.946  95.582
15.610  35.000  36.903  100.461
15.620  35.000  36.513  105.056
15.630  35.000  34.200  109.460
15.640  35.000  34.122  113.792
15.650  35.000  34.228  117.894
15.660  35.000  34.356  121.989
15.670  35.000  35.282  126.618
15.680  35.000  36.838  131.379
15.690  35.000  36.245  135.602
15.700  35.000  34.957  139.092
15.710  35.000  33.016  142.467
15.720  35.000  33.372  146.411
15.730  35.000  36.212  150.736
15.740  35.000  36.854  155.174
15.750  35.000  35.253  158.905
15.760  35.000  33.551  162.094
15.770  35.000  34.237  165.516
15.780  35.000  35.852  169.218
15.790  35.000  36.474  173.072
15.800  35.000  35.070  176.786
15.810  35.000  34.079  180.053
15.820  35.000  34.634  183.039
15.830  35.000  35.419  186.187
15.840  35.000  35.138  189.260
15.850  35.000  35.242  192.409
15.860  35.000  35.649  195.546
15.870  35.000  34.793  198.388
15.880  35.000  34.776  201.183
15.890  35.000  34.873  204.060
15.900  35.000  35.068  206.946
15.910  35.000  36.226  209.508
15.920  35.000  35.386  211.919
15.930  35.000  35.061  214.349
15.940  35.000  34.749  216.832
15.950  35.000  34.949  219.313
15.960  35.000  35.623  221.629
15.970  35.000  35.573  224.005
15.980  35.000  34.990  226.316
15.990  35.000  34.967  228.354
16.000  35.000  35.185  230.118
16.010  35.000  34.774  231.971
16.020  35.000  35.086  234.054
16.030  35.000  34.905  236.049
16.040  35.000  35.738  237.892
16.050  35.000  35.570  239.849
16.060  35.000  35.052  241.553
16.070  35.000  34.936  242.788
16.080  35.000  34.467  244.218
16.090  35.000  35.188  245.787
16.100  35.000  35.476  247.196
16.110  35.000  35.160  248.571
16.120  35.000  35.356  249.876
16.130  35.000  35.223  250.925
16.140  35.000  34.973  251.749
16.150  35.000  34.661  252.547
16.160  35.000  34.698  253.551
16.170  35.000  35.460  254.611
16.180  35.000  35.295  255.598
16.190  35.000  35.146  256.530
16.200  35.000  34.684  257.341
16.210  35.000  35.188  258.211
16.220  35.000  35.011  259.080
16.230  35.000  35.180  259.685
16.240  35.000  35.105  259.919
16.250  35.000  35.175  260.215
16.260  35.000  34.850  260.785
16.270  35.000  34.981  261.328
16.280  35.000  35.038  261.975
16.290  35.000  35.067  262.596
16.300  35.000  35.169  263.054
16.310  35.000  35.595  263.292
16.320  35.000  35.016  263.419
16.330  35.000  35.454  263.738
16.340  35.000  34.949  263.897
16.350  35.000  35.071  263.881
16.360  35.000  35.020  263.853
16.370  35.000  35.087  263.764
16.380  35.000  35.030  263.738
16.390  35.000  34.400  263.822
16.400  5.000  35.142  263.927
16.410  5.000  34.323  263.788
16.420  5.000  30.461  262.141
16.430  5.000  23.237  257.140
16.440  5.000  12.640  249.788
16.450  5.000  8.395  242.940
16.460  5.000  7.658  237.353
16.470  5.000  7.422  231.713
16.480  5.000  7.286  225.921
16.490  5.000  7.115  220.344
16.500  5.000  6.860  214.881
16.510  5.000  6.663  209.765
16.520  5.000  6.513  204.368
16.530  5.000  6.378  198.967
16.540  5.000  6.268  194.022
16.550  5.000  6.073  189.185
16.560  5.000  5.968  183.982
16.570  5.000  5.776  178.843
16.580  5.000  5.666  174.105
16.590  5.000  5.484  168.942
16.600  5.000  5.421  164.033
16.610  5.000  5.286  159.304
16.620  5.000  5.063  154.481
16.630  5.000  4.988  149.969
16.640  5.000  4.843  145.400
16.650  5.000  4.738  140.814
16.660  5.000  4.694  136.462
16.670  5.000  4.653  131.917
16.680  5.000  4.507  127.403
16.690  5.000  4.483  122.996
16.700  5.000  4.470  118.702
16.710  5.000  4.359  114.765
16.720  5.000  4.222  110.803
16.730  5.000  4.219  106.940
16.740  5.000  4.246  103.287
16.750  5.000  4.376  99.839
16.760  5.000  4.415  96.406
16.770  5.000  4.295  93.048
16.780  5.000  4.276  89.663
16.790  5.000  4.141  86.212
16.800  5.000  4.155  82.895
16.810  5.000  4.193  79.664
16.820  5.000  4.395  76.518
16.830  5.000  4.482  73.514
16.840  5.000  4.518  70.584
16.850  5.000  4.465  67.634
16.860  5.000  4.388  64.623
16.870  5.000  4.256  61.688
16.880  5.000  4.229  58.882
16.890  5.000  4.269  56.154
16.900  5.000  4.383  53.543
16.910  5.000  4.451  51.175
16.920  5.000  4.701  48.932
16.930  5.000  4.813  46.579
16.940  5.000  4.758  44.300
16.950  5.000  4.768  42.091
16.960  5.000  4.758  39.851
16.970  5.000  4.753  37.791
16.980  5.000  4.734  35.774
16.990  5.000  4.598  33.773
17.000  5.000  4.615  31.884
17.010  5.000  4.498  29.967
17.020  5.000  4.407  28.040
17.030  5.000  4.369  26.079
17.040  5.000  4.354  24.165
17.050  5.000  4.486  22.381
17.060  5.000  4.735  20.740
17.070  5.000  4.848  19.381
17.080  5.000  5.055  18.270
17.090  5.000  4.998  17.041
17.100  5.000  4.876  15.719
17.110  5.000  4.921  14.676
17.120  5.000  4.952  13.984
17.130  5.000  4.994  13.198
17.140  5.000  4.895  12.179
17.150  5.000  4.801  11.150
17.160  5.000  4.901  10.183
17.170  5.000  4.975  9.272
17.180  5.000  4.879  8.565
17.190  5.000  4.975  8.127
17.200  5.000  4.966  7.625
17.210  5.000  4.927  6.928
17.220  5.000  5.068  6.229
17.230  5.000  4.970  5.815
17.240  5.000  4.851  5.603
17.250  5.000  4.917  5.202
17.260  5.000  4.975  4.516
17.270  5.000  5.047  3.945
17.280  5.000  5.040  3.656
17.290  5.000  4.951  3.450
17.300  5.000  4.958  3.178
17.310  5.000  4.953  2.792
17.320  5.000  4.951  2.418
17.330  5.000  5.028  2.068
17.340  5.000  4.971  1.799
17.350  5.000  5.061  1.564
17.360  5.000  4.954  1.185
17.370  5.000  4.886  0.695
17.380  5.000  5.004  0.329
17.390  5.000  4.972  0.120
17.400  5.000  5.015  -0.084
17.410  5.000  4.868  -0.160
17.420  5.000  5.050  -0.173
17.430  5.000  4.955  -0.226
17.440  5.000  5.018  -0.424
17.450  5.000  4.921  -0.822
17.460  5.000  5.065  -1.252
17.470  5.000  4.955  -1.585
17.480  5.000  4.998  -1.666
17.490  5.000  4.954  -1.609
17.500  5.000  4.993  -1.575
17.510  5.000  5.017  -1.484
17.520  5.000  4.989  -1.348
17.530  5.000  5.063  -1.299
17.540  5.000  4.952  -1.430
17.550  5.000  4.950  -1.574
17.560  5.000  5.082  -1.678
17.570  5.000  4.974  -1.926
17.580  5.000  4.948  -2.170
17.590  5.000  4.986  -2.200
17.600  5.000  4.980  -2.155
17.610  5.000  4.816  -2.290
17.620  5.000  5.016  -2.423
17.630  5.000  5.087  -2.342
17.640  5.000  5.068  -2.305
17.650  5.000  5.180  -2.462
17.660  5.000  4.893  -2.577
17.670  5.000  4.944  -2.670
17.680  5.000  4.942  -2.923
17.690  5.000  5.035  -3.261
17.700  5.000  5.042  -3.555
17.710  5.000  5.004  -3.708
17.720  5.000  5.004  -3.765
17.730  5.000  4.959  -3.599
17.740  5.000  5.065  -3.524
17.750  5.000  5.044  -3.701
17.760  5.000  4.863  -3.776
17.770  5.000  5.118  -3.820
17.780  5.000  4.921  -3.960
17.790  5.000  4.899  -4.030
17.800  5.000  5.023  -3.875
17.810  5.000  4.967  -3.647
17.820  5.000  4.982  -3.460
17.830  5.000  4.869  -3.206
17.840  5.000  5.071  -3.070
17.850  5.000  5.085  -3.313
17.860  5.000  5.094  -3.751
17.870  5.000  5.006  -3.864
17.880  5.000  5.025  -3.592
17.890  5.000  5.007  -3.343
17.900  5.000  4.893  -3.106
17.910  5.000  5.079  -3.007
17.920  5.000  4.941  -3.149
17.930  5.000  5.069  -3.429
17.940  5.000  5.018  -3.646
17.950  5.000  4.929  -3.659
17.960  5.000  4.955  -3.581
17.970  5.000  4.919  -3.512
17.980  5.000  5.016  -3.378
17.990  5.000  4.903  -3.204
18.000  5.000  5.007  -3.255
18.010  5.000  5.126  -3.445
18.020  5.000  4.983  -3.606
18.030  5.000  4.967  -3.754
18.040  5.000  4.903  -3.784
18.050  5.000  4.952  -3.724
18.060  5.000  5.135  -3.815
18.070  5.000  4.935  -3.973
18.080  5.000  5.043  -4.022
18.090  5.000  5.053  -3.883
18.100  5.000  4.978  -3.440
18.110  5.000  4.945  -2.937
18.120  5.000  5.057  -2.543
18.130  5.000  4.909  -2.281
18.140  5.000  5.072  -2.417
18.150  5.000  4.965  -2.504
18.160  5.000  5.021  -2.234
18.170  5.000  4.994  -2.063
18.180  5.000  5.105  -2.107
18.190  5.000  5.045  -2.220
18.200  5.000  5.044  -2.326
18.210  5.000  5.053  -2.492
18.220  5.000  4.982  -2.656
18.230  5.000  4.981  -2.780
18.240  5.000  4.967  -2.883
18.250  5.000  5.054  -2.856
18.260  5.000  4.917  -2.879
18.270  5.000  4.977  -3.031
18.280  5.000  4.973  -3.048
18.290  5.000  4.885  -2.860
18.300  5.000  5.006  -2.771
18.310  5.000  4.955  -2.882
18.320  5.000  5.034  -2.945
18.330  5.000  4.911  -2.893
18.340  5.000  5.060  -2.885
18.350  5.000  5.042  -2.862
18.360  5.000  5.112  -2.916
18.370  5.000  4.957  -3.048
18.380  5.000  4.973  -3.078
18.390  5.000  4.973  -3.115
18.400  5.000  5.066  -3.072
18.410  8.000  5.134  -3.079
18.420  11.000  4.952  -3.176
18.430  14.000  6.144  -2.592
18.440  17.000  9.314  -0.625
18.450  20.000  14.760  2.952
18.460  23.000  21.689  8.622
18.470  26.000  27.475  15.729
18.480  29.000  32.749  22.562
18.490  32.000  34.606  28.385
18.500  35.000  32.542  33.487
18.510  35.000  30.942  38.591
18.520  35.000  33.462  44.053
18.530  35.000  35.586  49.393
18.540  35.000  36.164  54.863
18.550  35.000  35.901  60.893
18.560  35.000  36.917  66.405
18.570  35.000  36.281  71.830
18.580  35.000  34.867  77.457
18.590  35.000  35.236  82.205
18.600  35.000  34.143  86.703
18.610  35.000  35.741  91.353
18.620  35.000  34.175  95.883
18.630  35.000  34.268  100.482
18.640  35.000  35.246  105.157
18.650  35.000  35.687  109.913
18.660  35.000  35.515  114.675
18.670  35.000  34.944  119.121
18.680  35.000  33.988  123.236
18.690  35.000  34.659  127.420
18.700  35.000  36.419  131.734
18.710  35.000  35.862  135.890
18.720  35.000  34.938  139.661
18.730  35.000  34.879  143.256
18.740  35.000  33.497  147.019
18.750  35.000  34.999  150.975
18.760  35.000  36.484  154.907
18.770  35.000  35.519  158.563
18.780  35.000  34.743  161.934
18.790  35.000  34.343  165.150
18.800  35.000  35.189  168.475
18.810  35.000  34.996  171.778
18.820  35.000  35.157  175.277
18.830  35.000  35.232  178.709
18.840  35.000  34.840  181.643
18.850  35.000  35.274  184.625
18.860  35.000  35.068  187.609
18.870  35.000  35.367  190.403
18.880  35.000  35.025  193.245
18.890  35.000  35.072  196.167
18.900  35.000  35.255  198.949
18.910  35.000  35.349  201.626
18.920  35.000  35.247  204.269
18.930  35.000  35.505  206.679
18.940  35.000  35.327  209.091
18.950  35.000  35.552  211.363
18.960  35.000  35.114  213.471
18.970  35.000  34.552  215.669
18.980  35.000  34.580  217.710
18.990  35.000  35.154  219.819
19.000  35.000  35.508  222.096
19.010  35.000  35.859  224.155
19.020  35.000  35.315  226.046
19.030  35.000  34.789  228.033
19.040  35.000  34.675  230.075
19.050  35.000  34.958  232.145
19.060  35.000  35.646  234.076
19.070  35.000  35.707  235.721
19.080  35.000  34.484  237.162
19.090  35.000  34.516  238.541
19.100  35.000  35.604  239.996
19.110  35.000  35.687  241.437
19.120  35.000  34.747  242.743
19.130  35.000  34.312  244.125
19.140  35.000  35.365  245.507
19.150  35.000  35.545  246.807
19.160  35.000  34.664  247.859
19.170  35.000  35.207  248.525
19.180  35.000  35.117  249.364
19.190  35.000  35.075  250.237
19.200  35.000  35.061  250.907
19.210  35.000  34.727  251.662
19.220  35.000  34.722  252.591
19.230  35.000  35.913  253.531
19.240  35.000  35.066  254.323
19.250  35.000  35.193  255.040
19.260  35.000  35.171  255.577
19.270  35.000  34.997  256.018
19.280  35.000  34.766  256.547
19.290  35.000  35.074  257.094
19.300  35.000  34.924  257.603
19.310  35.000  35.156  257.972
19.320  35.000  35.097  258.400
19.330  35.000  34.608  259.093
19.340  35.000  35.318  259.840
19.350  35.000  35.153  260.484
19.360  35.000  35.181  260.983
19.370  35.000  35.199  261.550
19.380  35.000  34.867  262.132
19.390  35.000  35.035  262.486
19.400  35.000  35.491  262.835
19.410  5.000  34.238  263.466
19.420  5.000  33.755  263.711
19.430  5.000  29.965  262.449
19.440  5.000  22.953  258.269
19.450  5.000  12.382  250.883
19.460  5.000  8.339  243.718
19.470  5.000  7.646  238.287
19.480  5.000  7.508  233.121
19.490  5.000  7.294  227.956
19.500  5.000  7.089  222.371
19.510  5.000  6.975  216.642
19.520  5.000  6.899  211.239
19.530  5.000  6.623  205.659
19.540  5.000  6.460  200.292
19.550  5.000  6.242  195.075
19.560  5.000  6.102  189.872
19.570  5.000  6.025  184.561
19.580  5.000  5.852  179.026
19.590  5.000  5.748  173.868
19.600  5.000  5.545  168.897
19.610  5.000  5.451  164.100
19.620  5.000  5.333  159.599
19.630  5.000  5.168  155.152
19.640  5.000  5.046  150.293
19.650  5.000  4.952  145.664
19.660  5.000  4.775  141.253
19.670  5.000  4.647  136.829
19.680  5.000  4.598  132.353
19.690  5.000  4.565  127.976
19.700  5.000  4.540  123.714
19.710  5.000  4.503  119.423
19.720  5.000  4.413  115.570
19.730  5.000  4.345  111.770
19.740  5.000  4.245  107.780
19.750  5.000  4.204  103.821
19.760  5.000  4.268  100.229
19.770  5.000  4.342  96.790
19.780  5.000  4.382  93.031
19.790  5.000  4.242  89.360
19.800  5.000  4.160  86.045
19.810  5.000  4.159  82.608
19.820  5.000  4.134  79.237
19.830  5.000  4.266  76.123
19.840  5.000  4.373  73.183
19.850  5.000  4.445  70.277
19.860  5.000  4.481  67.364
19.870  5.000  4.430  64.599
19.880  5.000  4.335  61.940
19.890  5.000  4.242  59.290
19.900  5.000  4.193  56.649
19.910  5.000  4.266  54.102
19.920  5.000  4.451  51.729
19.930  5.000  4.695  49.448
19.940  5.000  4.816  47.228
19.950  5.000  4.814  45.152
19.960  5.000  4.827  43.184
19.970  5.000  4.742  41.209
19.980  5.000  4.711  39.200
19.990  5.000  4.733  37.251
20.000  5.000  4.651  35.358
20.010  5.000  4.588  33.536
20.020  5.000  4.502  31.809
20.030  5.000  4.373  29.996
20.040  5.000  4.304  28.267
20.050  5.000  4.361  26.807
20.060  5.000  4.454  25.555
20.070  5.000  4.755  24.347
20.080  5.000  5.102  23.060
20.090  5.000  5.214  21.807
20.100  5.000  4.956  20.619
20.110  5.000  4.761  19.371
20.120  5.000  4.753  18.102
20.130  5.000  4.823  17.048
20.140  5.000  4.907  16.240
20.150  5.000  5.088  15.446
20.160  5.000  5.020  14.651
20.170  5.000  4.948  14.138
20.180  5.000  4.869  13.626
20.190  5.000  4.967  12.886
20.200  5.000  4.833  12.236
20.210  5.000  4.974  11.570
20.220  5.000  4.992  10.907
20.230  5.000  4.934  10.411
20.240  5.000  5.021  9.812
20.250  5.000  5.010  9.152
20.260  5.000  4.877  8.775
20.270  5.000  4.917  8.466
20.280  5.000  4.965  8.141
20.290  5.000  4.973  7.878
20.300  5.000  5.024  7.401
20.310  5.000  4.934  6.776
20.320  5.000  4.837  6.478
20.330  5.000  4.946  6.298
20.340  5.000  4.937  6.056
20.350  5.000  4.974  5.861
20.360  5.000  5.062  5.521
20.370  5.000  4.991  5.281
20.380  5.000  4.991  5.171
20.390  5.000  4.952  5.001
20.400  5.000  5.037  4.845
20.410  5.000  5.019  4.679
20.420  5.000  5.010  4.507
20.430  5.000  4.974  4.284
20.440  5.000  4.981  3.958
20.450  5.000  5.077  3.581
20.460  5.000  5.026  3.224
20.470  5.000  4.984  3.057
20.480  5.000  4.970  3.061
20.490  5.000  4.881  3.015
20.500  5.000  5.023  2.894
20.510  5.000  5.023  2.884
20.520  5.000  4.880  2.999
20.530  5.000  4.997  3.045
20.540  5.000  4.978  2.971
20.550  5.000  4.925  2.916
20.560  5.000  4.943  2.860
20.570  5.000  5.006  2.775
20.580  5.000  4.928  2.849
20.590  5.000  4.925  2.887
20.600  5.000  5.013  2.742
20.610  5.000  4.863  2.794
20.620  5.000  5.051  2.955
20.630  5.000  5.020  3.004
20.640  5.000  5.178  2.973
20.650  5.000  4.922  2.941
20.660  5.000  5.020  2.881
20.670  5.000  5.157  2.755
20.680  5.000  5.062  2.758
20.690  5.000  5.039  2.925
20.700  5.000  5.022  2.941
20.710  5.000  4.969  2.696
20.720  5.000  4.979  2.432
20.730  5.000  4.906  2.381
20.740  5.000  4.979  2.369
20.750  5.000  5.033  2.090
20.760  5.000  5.008  1.777
20.770  5.000  5.065  1.572
20.780  5.000  4.846  1.370
20.790  5.000  5.076  1.183
20.800  5.000  4.930  1.223
20.810  5.000  5.079  1.355
20.820  5.000  4.986  1.251
20.830  5.000  5.005  1.053
20.840  5.000  5.020  0.870
20.850  5.000  4.869  0.674
20.860  5.000  5.071  0.489
20.870  5.000  4.951  0.435
20.880  5.000  4.954  0.661
20.890  5.000  4.941  0.986
20.900  5.000  5.067  1.010
20.910  5.000  4.953  0.875
20.920  5.000  4.992  0.634
20.930  5.000  5.120  0.289
20.940  5.000  4.914  0.144
20.950  5.000  5.068  0.070
20.960  5.000  4.964  0.063
20.970  5.000  4.969  0.241
20.980  5.000  4.969  0.464
20.990  5.000  5.003  0.535
21.000  5.000  5.023  0.436
21.010  5.000  4.859  0.345
21.020  5.000  4.991  0.262
21.030  5.000  4.998  0.141
21.040  5.000  4.997  0.059
21.050  5.000  4.938  0.048
21.060  5.000  5.162  -0.077
21.070  5.000  5.002  -0.331
21.080  5.000  5.065  -0.425
21.090  5.000  5.006  -0.275
21.100  5.000  4.928  0.043
21.110  5.000  4.997  0.181
21.120  5.000  5.054  -0.027
21.130  5.000  5.164  -0.332
21.140  5.000  5.088  -0.540
21.150  5.000  5.002  -0.568
21.160  5.000  4.991  -0.606
21.170  5.000  4.994  -0.783
21.180  5.000  4.903  -0.965
21.190  5.000  4.926  -1.106
21.200  5.000  4.949  -1.234
21.210  5.000  4.905  -1.369
21.220  5.000  5.031  -1.491
21.230  5.000  4.989  -1.562
21.240  5.000  4.837  -1.604
21.250  5.000  5.144  -1.863
21.260  5.000  5.019  -2.273
21.270  5.000  4.953  -2.466
21.280  5.000  4.988  -2.451
21.290  5.000  4.972  -2.404
21.300  5.000  4.979  -2.519
21.310  5.000  4.987  -2.591
21.320  5.000  5.102  -2.513
21.330  5.000  5.040  -2.475
21.340  5.000  5.183  -2.493
21.350  5.000  4.948  -2.455
21.360  5.000  4.994  -2.334
21.370  5.000  4.977  -2.194
21.380  5.000  4.949  -2.132
21.390  5.000  5.034  -2.333
21.400  5.000  5.000  -2.640
21.410  5.000  5.051  -2.836
21.420  8.000  4.889  -2.952
21.430  11.000  5.087  -2.967
21.440  14.000  6.137  -2.065
21.450  17.000  9.421  0.361
21.460  20.000  14.857  4.343
21.470  23.000  21.879  10.281
21.480  26.000  27.523  17.776
21.490  29.000  32.928  25.221
21.500  32.000  34.545  31.571
21.510  35.000  32.071  37.049
21.520  35.000  31.210  42.473
21.530  35.000  34.226  48.118
21.540  35.000  36.059  53.979
21.550  35.000  35.958  60.089
21.560  35.000  36.444  66.123
21.570  35.000  35.568  71.787
21.580  35.000  35.671  77.248
21.590  35.000  34.610  82.608
21.600  35.000  35.520  87.584
21.610  35.000  34.723  92.422
21.620  35.000  34.899  97.112
21.630  35.000  34.528  101.727
21.640  35.000  35.286  106.365
21.650  35.000  35.185  111.126
21.660  35.000  35.171  116.010
21.670  35.000  35.230  120.403
21.680  35.000  34.483  124.461
21.690  35.000  35.709  128.505
21.700  35.000  35.372  132.638
21.710  35.000  34.638  136.653
21.720  35.000  34.141  140.427
21.730  35.000  35.299  144.379
21.740  35.000  36.088  148.531
21.750  35.000  35.314  152.800
21.760  35.000  33.995  156.896
21.770  35.000  34.871  160.632
21.780  35.000  36.103  164.506
21.790  35.000  35.414  168.256
21.800  35.000  34.539  171.418
21.810  35.000  34.475  174.678
21.820  35.000  35.068  178.345
21.830  35.000  34.929  182.139
21.840  35.000  35.298  185.909
21.850  35.000  35.426  189.290
21.860  35.000  35.052  192.453
21.870  35.000  35.622  195.680
21.880  35.000  34.728  199.082
21.890  35.000  34.917  202.562
21.900  35.000  35.034  205.775
21.910  35.000  35.685  208.666
21.920  35.000  35.633  211.309
21.930  35.000  34.923  213.884
21.940  35.000  34.883  216.499
21.950  35.000  35.060  219.275
21.960  35.000  35.000  222.014
21.970  35.000  35.357  224.657
21.980  35.000  35.679  227.193
21.990  35.000  35.412  229.630
22.000  35.000  34.951  231.864
22.010  35.000  34.806  233.789
22.020  35.000  34.507  235.891
22.030  35.000  35.182  238.085
22.040  35.000  35.805  240.400
22.050  35.000  36.339  242.587
22.060  35.000  35.178  244.240
22.070  35.000  34.338  245.653
22.080  35.000  34.650  247.123
22.090  35.000  35.259  248.573
22.100  35.000  35.611  250.017
22.110  35.000  34.877  251.558
22.120  35.000  35.085  252.986
22.130  35.000  34.722  254.362
22.140  35.000  35.215  255.780
22.150  35.000  35.256  257.098
22.160  35.000  35.204  258.127
22.170  35.000  34.685  259.199
22.180  35.000  35.454  260.267
22.190  35.000  34.941  261.161
22.200  35.000  35.256  261.902
22.210  35.000  34.631  262.728
22.220  35.000  35.285  263.791
22.230  35.000  35.068  264.631
22.240  35.000  35.213  265.179
22.250  35.000  34.974  265.714
22.260  35.000  35.196  266.362
22.270  35.000  35.387  266.880
22.280  35.000  34.627  267.334
22.290  35.000  35.363  267.810
22.300  35.000  34.791  268.318
22.310  35.000  35.026  268.902
22.320  35.000  35.082  269.307
22.330  35.000  34.957  269.646
22.340  35.000  35.254  270.062
22.350  35.000  34.849  270.479
22.360  35.000  35.131  270.952
22.370  35.000  35.177  271.415
22.380  35.000  35.198  271.792
22.390  35.000  34.935  272.208
22.400  35.000  35.260  272.631
22.410  35.000  34.940  272.837
22.420  5.000  35.326  272.891
22.430  5.000  34.168  272.726
22.440  5.000  27.802  269.901
22.450  5.000  14.613  263.928
22.460  5.000  8.999  257.695
22.470  5.000  7.733  251.451
22.480  5.000  7.388  245.494
22.490  5.000  7.248  239.668
22.500  5.000  7.042  234.088
22.510  5.000  6.988  228.748
22.520  5.000  6.778  223.210
22.530  5.000  6.586  218.034
22.540  5.000  6.395  212.874
22.550  5.000  6.373  207.470
22.560  5.000  6.216  202.169
22.570  5.000  5.988  196.758
22.580  5.000  5.890  191.122
22.590  5.000  5.766  186.213
22.600  5.000  5.599  181.515
22.610  5.000  5.498  176.547
22.620  5.000  5.338  171.495
22.630  5.000  5.201  166.506
22.640  5.000  5.079  161.562
22.650  5.000  4.971  156.743
22.660  5.000  4.852  151.860
22.670  5.000  4.697  147.226
22.680  5.000  4.653  143.027
22.690  5.000  4.475  138.524
22.700  5.000  4.491  134.191
22.710  5.000  4.497  130.219
22.720  5.000  4.427  126.265
22.730  5.000  4.371  122.409
22.740  5.000  4.263  118.693
22.750  5.000  4.170  115.106
22.760  5.000  4.224  111.612
22.770  5.000  4.480  108.245
22.780  5.000  4.470  104.367
22.790  5.000  4.362  100.223
22.800  5.000  4.257  96.621
22.810  5.000  4.201  93.384
22.820  5.000  4.170  90.254
22.830  5.000  4.250  87.056
22.840  5.000  4.322  83.960
22.850  5.000  4.445  81.213
22.860  5.000  4.526  78.382
22.870  5.000  4.434  75.495
22.880  5.000  4.358  72.747
22.890  5.000  4.311  69.924
22.900  5.000  4.225  67.124
22.910  5.000  4.221  64.474
22.920  5.000  4.367  62.054
22.930  5.000  4.452  59.829
22.940  5.000  4.683  57.608
22.950  5.000  4.848  55.385
