# covent_pc_5
# Captured 2020-06-18 14:20:26.055719 by unknown user
# Built at revision 65ecf17 (dirty)
time(sec)  pc_setpoint  pressure  volume
0.000  5.000  5.034  -1.532
0.010  5.000  5.057  -1.527
0.020  5.000  5.043  -1.404
0.030  5.000  4.913  -1.391
0.040  5.000  5.015  -1.336
0.050  5.000  4.989  -1.248
0.060  5.000  5.028  -1.189
0.070  5.000  4.917  -1.080
0.080  5.000  5.004  -1.051
0.090  5.000  4.939  -0.943
0.100  5.000  5.007  -0.904
0.110  5.000  5.057  -1.149
0.120  5.000  4.997  -1.298
0.130  5.000  5.015  -1.269
0.140  5.000  4.963  -1.129
0.150  5.000  5.110  -1.128
0.160  5.000  5.017  -1.105
0.170  5.000  5.068  -1.032
0.180  5.000  4.923  -1.065
0.190  5.000  5.043  -1.077
0.200  5.000  4.964  -1.056
0.210  5.000  5.001  -1.064
0.220  5.000  5.187  -1.249
0.230  5.000  5.070  -1.492
0.240  5.000  5.001  -1.588
0.250  5.000  4.945  -1.663
0.260  5.000  4.920  -1.795
0.270  5.000  4.904  -1.798
0.280  5.000  4.953  -1.668
0.290  5.000  4.917  -1.569
0.300  5.000  4.980  -1.445
0.310  5.000  4.919  -1.146
0.320  5.000  5.083  -0.953
0.330  5.000  5.083  -0.947
0.340  5.000  5.047  -0.891
0.350  5.000  5.046  -0.886
0.360  5.000  5.047  -1.036
0.370  5.000  4.899  -1.131
0.380  6.500  5.013  -1.254
0.390  8.000  5.109  -1.373
0.400  9.500  4.959  -0.967
0.410  11.000  6.773  0.470
0.420  12.500  8.375  3.323
0.430  14.000  11.096  8.057
0.440  15.500  14.060  14.336
0.450  17.000  17.426  21.151
0.460  18.500  18.820  28.320
0.470  20.000  19.672  35.912
0.480  20.000  19.407  43.925
0.490  20.000  20.934  51.747
0.500  20.000  20.695  59.359
0.510  20.000  20.603  67.027
0.520  20.000  19.677  73.906
0.530  20.000  19.117  80.549
0.540  20.000  20.462  87.426
0.550  20.000  20.661  94.295
0.560  20.000  20.853  101.207
0.570  20.000  20.360  107.914
0.580  20.000  19.800  114.261
0.590  20.000  20.015  120.578
0.600  20.000  20.201  127.086
0.610  20.000  20.791  133.455
0.620  20.000  20.051  139.588
0.630  20.000  19.367  145.377
0.640  20.000  19.554  151.161
0.650  20.000  21.307  157.019
0.660  20.000  21.240  162.658
0.670  20.000  20.178  167.982
0.680  20.000  19.450  173.191
0.690  20.000  20.030  178.333
0.700  20.000  20.530  183.262
0.710  20.000  20.785  187.849
0.720  20.000  19.958  192.095
0.730  20.000  19.794  196.114
0.740  20.000  19.873  199.954
0.750  20.000  20.396  204.065
0.760  20.000  20.445  208.140
0.770  20.000  20.181  211.783
0.780  20.000  19.946  215.399
0.790  20.000  20.298  219.017
0.800  20.000  20.207  222.476
0.810  20.000  20.376  225.792
0.820  20.000  20.172  229.164
0.830  20.000  20.408  232.490
0.840  20.000  20.188  235.613
0.850  20.000  20.149  238.507
0.860  20.000  20.094  241.159
0.870  20.000  20.025  243.719
0.880  20.000  20.207  245.991
0.890  20.000  20.046  248.069
0.900  20.000  20.320  249.871
0.910  20.000  19.999  251.576
0.920  20.000  19.870  253.539
0.930  20.000  20.374  255.488
0.940  20.000  19.941  257.271
0.950  20.000  19.901  259.008
0.960  20.000  20.167  260.748
0.970  20.000  20.156  262.413
0.980  20.000  20.018  263.999
0.990  20.000  20.056  265.596
1.000  20.000  20.046  267.176
1.010  20.000  20.067  268.672
1.020  20.000  20.287  270.035
1.030  20.000  20.271  271.323
1.040  20.000  20.402  272.600
1.050  20.000  20.582  273.816
1.060  20.000  20.734  274.974
1.070  20.000  20.369  275.953
1.080  20.000  20.309  276.578
1.090  20.000  20.358  276.926
1.100  20.000  20.394  277.113
1.110  20.000  20.087  277.070
1.120  20.000  20.155  276.935
1.130  20.000  19.866  276.452
1.140  20.000  20.146  275.787
1.150  20.000  19.909  275.421
1.160  20.000  20.001  275.080
1.170  20.000  20.072  274.615
1.180  20.000  20.004  274.177
1.190  20.000  20.211  273.853
1.200  20.000  19.718  273.483
1.210  20.000  20.072  273.023
1.220  20.000  19.992  272.517
1.230  20.000  19.856  272.053
1.240  20.000  19.971  271.847
1.250  20.000  19.649  271.866
1.260  20.000  19.911  271.836
1.270  20.000  20.102  271.812
1.280  20.000  19.744  271.810
1.290  20.000  19.869  271.879
1.300  20.000  19.883  272.111
1.310  20.000  20.068  272.445
1.320  20.000  19.847  272.739
1.330  20.000  20.116  272.984
1.340  20.000  20.061  273.418
1.350  20.000  19.960  273.902
1.360  20.000  20.040  274.309
1.370  20.000  19.962  274.773
1.380  5.000  20.146  275.264
1.390  5.000  19.220  275.277
1.400  5.000  17.561  273.579
1.410  5.000  12.559  268.303
1.420  5.000  10.338  260.569
1.430  5.000  9.503  252.889
1.440  5.000  9.555  245.511
1.450  5.000  9.335  239.061
1.460  5.000  9.130  233.157
1.470  5.000  8.963  227.189
1.480  5.000  8.722  220.984
1.490  5.000  8.423  214.873
1.500  5.000  8.381  209.213
1.510  5.000  8.096  203.066
1.520  5.000  8.035  196.406
1.530  5.000  7.846  190.369
1.540  5.000  7.638  184.949
1.550  5.000  7.539  179.113
1.560  5.000  7.176  173.326
1.570  5.000  6.949  168.158
1.580  5.000  6.693  162.518
1.590  5.000  6.580  156.316
1.600  5.000  6.493  150.399
1.610  5.000  6.484  144.335
1.620  5.000  6.181  138.611
1.630  5.000  6.040  133.179
1.640  5.000  5.806  127.216
1.650  5.000  5.968  120.998
1.660  5.000  5.729  115.967
1.670  5.000  5.495  111.681
1.680  5.000  5.486  106.459
1.690  5.000  5.198  100.749
1.700  5.000  5.052  95.195
1.710  5.000  4.918  90.263
1.720  5.000  4.828  86.117
1.730  5.000  4.768  82.081
1.740  5.000  4.699  78.036
1.750  5.000  4.394  74.360
1.760  5.000  4.448  70.013
1.770  5.000  4.369  64.877
1.780  5.000  4.357  60.492
1.790  5.000  4.191  56.887
1.800  5.000  4.231  53.568
1.810  5.000  4.250  50.317
1.820  5.000  4.260  47.114
1.830  5.000  4.276  43.788
1.840  5.000  4.112  40.644
1.850  5.000  4.008  37.857
1.860  5.000  3.940  34.902
1.870  5.000  3.863  31.832
1.880  5.000  4.081  28.710
1.890  5.000  4.035  25.663
1.900  5.000  4.189  22.848
1.910  5.000  4.073  20.077
1.920  5.000  4.012  17.310
1.930  5.000  4.080  14.710
1.940  5.000  4.234  12.278
1.950  5.000  4.280  10.227
1.960  5.000  4.467  8.482
1.970  5.000  4.416  6.785
1.980  5.000  4.333  5.047
1.990  5.000  4.352  3.270
2.000  5.000  4.267  1.622
2.010  5.000  4.339  0.116
2.020  5.000  4.441  -1.225
2.030  5.000  4.555  -2.390
2.040  5.000  4.689  -3.420
2.050  5.000  4.782  -4.171
2.060  5.000  4.763  -4.750
2.070  5.000  4.867  -5.217
2.080  5.000  4.901  -5.334
2.090  5.000  4.828  -5.296
2.100  5.000  4.863  -5.322
2.110  5.000  4.853  -5.258
2.120  5.000  4.750  -5.101
2.130  5.000  4.945  -4.915
2.140  5.000  4.855  -4.667
2.150  5.000  4.869  -4.304
2.160  5.000  4.915  -3.970
2.170  5.000  5.105  -3.905
2.180  5.000  5.103  -4.053
2.190  5.000  5.080  -4.103
2.200  5.000  4.976  -4.015
2.210  5.000  4.958  -3.799
2.220  5.000  4.990  -3.611
2.230  5.000  4.958  -3.428
2.240  5.000  5.075  -3.155
2.250  5.000  5.050  -2.900
2.260  5.000  5.099  -2.685
2.270  5.000  5.184  -2.560
2.280  5.000  5.009  -2.277
2.290  5.000  5.033  -2.005
2.300  5.000  5.002  -1.982
2.310  5.000  5.034  -1.989
2.320  5.000  5.178  -1.982
2.330  5.000  4.956  -1.880
2.340  5.000  5.139  -1.629
2.350  5.000  5.108  -1.620
2.360  5.000  5.098  -1.960
2.370  5.000  4.996  -2.296
2.380  5.000  4.937  -2.287
2.390  5.000  5.077  -2.392
2.400  5.000  5.016  -2.840
2.410  5.000  5.047  -3.173
2.420  5.000  5.019  -3.511
2.430  5.000  5.016  -3.850
2.440  5.000  5.041  -4.279
2.450  5.000  5.021  -4.882
2.460  5.000  4.989  -5.290
2.470  5.000  4.924  -5.337
2.480  5.000  4.931  -5.368
2.490  5.000  5.022  -5.581
2.500  5.000  4.881  -5.712
2.510  5.000  4.847  -5.802
2.520  5.000  4.939  -6.062
2.530  5.000  4.909  -6.399
2.540  5.000  4.976  -6.595
2.550  5.000  4.952  -6.662
2.560  5.000  5.052  -6.758
2.570  5.000  4.959  -6.750
2.580  5.000  4.832  -6.574
2.590  5.000  4.969  -6.252
2.600  5.000  4.885  -5.787
2.610  5.000  5.045  -5.272
2.620  5.000  4.932  -4.921
2.630  5.000  4.943  -4.672
2.640  5.000  5.025  -4.379
2.650  5.000  4.931  -4.125
2.660  5.000  4.977  -3.698
2.670  5.000  5.029  -3.177
2.680  5.000  5.031  -2.794
2.690  5.000  5.102  -2.443
2.700  5.000  5.146  -2.071
2.710  5.000  5.095  -1.909
2.720  5.000  5.052  -1.848
2.730  5.000  4.948  -1.595
2.740  5.000  5.154  -1.328
2.750  5.000  5.071  -1.301
2.760  5.000  5.031  -1.356
2.770  5.000  5.013  -1.430
2.780  5.000  4.987  -1.475
2.790  5.000  5.082  -1.552
2.800  5.000  5.052  -1.836
2.810  5.000  4.915  -2.156
2.820  5.000  5.132  -2.480
2.830  5.000  4.933  -2.763
2.840  5.000  5.088  -2.914
2.850  5.000  5.013  -3.042
2.860  5.000  4.891  -3.139
2.870  5.000  4.881  -3.211
2.880  5.000  4.931  -3.397
2.890  5.000  4.980  -3.659
2.900  5.000  4.878  -3.728
2.910  5.000  4.963  -3.641
2.920  5.000  4.999  -3.421
2.930  5.000  5.036  -3.108
2.940  5.000  5.045  -3.013
2.950  5.000  4.999  -3.191
2.960  5.000  4.866  -3.442
2.970  5.000  4.924  -3.646
2.980  5.000  4.975  -3.844
2.990  5.000  4.991  -3.871
3.000  5.000  4.988  -3.755
3.010  5.000  4.942  -3.598
3.020  5.000  5.043  -3.416
3.030  5.000  4.890  -3.159
3.040  5.000  5.076  -2.918
3.050  5.000  5.079  -2.687
3.060  5.000  5.104  -2.482
3.070  5.000  5.007  -2.168
3.080  5.000  5.178  -1.825
3.090  5.000  4.892  -1.845
3.100  5.000  4.942  -1.877
3.110  5.000  5.101  -1.876
3.120  5.000  5.022  -1.954
3.130  5.000  5.027  -1.893
3.140  5.000  4.966  -1.693
3.150  5.000  4.950  -1.444
3.160  5.000  5.101  -1.222
3.170  5.000  4.957  -1.113
3.180  5.000  5.028  -1.077
3.190  5.000  4.873  -1.029
3.200  5.000  5.080  -1.039
3.210  5.000  4.973  -1.140
3.220  5.000  5.075  -1.080
3.230  5.000  4.924  -0.851
3.240  5.000  5.018  -0.636
3.250  5.000  5.088  -0.563
3.260  5.000  5.092  -0.634
3.270  5.000  4.964  -0.829
3.280  5.000  5.014  -0.891
3.290  5.000  4.888  -0.582
3.300  5.000  5.033  -0.333
3.310  5.000  4.955  -0.380
3.320  5.000  4.953  -0.254
3.330  5.000  4.928  0.201
3.340  5.000  5.012  0.421
3.350  5.000  4.991  0.436
3.360  5.000  4.993  0.592
3.370  5.000  5.048  0.697
3.380  5.000  4.850  0.709
3.390  6.500  5.047  0.785
3.400  8.000  5.085  0.904
3.410  9.500  5.058  1.470
3.420  11.000  6.784  3.043
3.430  12.500  8.373  5.766
3.440  14.000  11.368  10.051
3.450  15.500  14.200  16.068
3.460  17.000  17.092  22.977
3.470  18.500  18.787  30.513
3.480  20.000  20.017  38.380
3.490  20.000  19.515  46.140
3.500  20.000  19.942  54.292
3.510  20.000  20.966  62.195
3.520  20.000  21.015  69.390
3.530  20.000  19.991  76.307
3.540  20.000  19.415  83.197
3.550  20.000  19.460  90.441
3.560  20.000  20.418  98.004
3.570  20.000  21.124  104.886
3.580  20.000  20.504  111.199
3.590  20.000  19.573  117.674
3.600  20.000  19.938  123.972
3.610  20.000  20.433  130.267
3.620  20.000  20.865  136.355
3.630  20.000  20.709  142.222
3.640  20.000  20.346  147.846
3.650  20.000  19.791  152.991
3.660  20.000  19.837  157.961
3.670  20.000  19.890  163.077
3.680  20.000  20.262  168.402
3.690  20.000  20.402  173.748
3.700  20.000  20.391  178.988
3.710  20.000  20.382  184.041
3.720  20.000  19.859  189.016
3.730  20.000  19.898  193.790
3.740  20.000  20.623  198.101
3.750  20.000  20.900  202.079
3.760  20.000  19.967  205.872
3.770  20.000  19.569  209.539
3.780  20.000  20.178  213.038
3.790  20.000  20.250  216.358
3.800  20.000  20.064  219.931
3.810  20.000  20.293  223.555
3.820  20.000  20.044  227.057
3.830  20.000  20.371  230.575
3.840  20.000  20.272  233.988
3.850  20.000  20.180  237.222
3.860  20.000  20.407  240.245
3.870  20.000  20.288  243.094
3.880  20.000  19.936  245.834
3.890  20.000  19.871  248.427
3.900  20.000  20.019  251.033
3.910  20.000  20.307  253.589
3.920  20.000  20.247  255.883
3.930  20.000  20.106  257.910
3.940  20.000  19.937  259.700
3.950  20.000  20.328  261.423
3.960  20.000  20.008  263.015
3.970  20.000  20.183  264.586
3.980  20.000  19.957  266.116
3.990  20.000  20.123  267.447
4.000  20.000  20.185  268.811
4.010  20.000  19.985  270.352
4.020  20.000  20.272  271.831
4.030  20.000  20.347  273.131
4.040  20.000  20.359  274.381
4.050  20.000  20.496  275.705
4.060  20.000  20.492  277.045
4.070  20.000  20.556  278.112
4.080  20.000  20.434  278.826
4.090  20.000  20.454  279.250
4.100  20.000  20.106  279.399
4.110  20.000  20.306  279.300
4.120  20.000  20.148  279.087
4.130  20.000  20.010  278.873
4.140  20.000  20.115  278.497
4.150  20.000  19.964  278.009
4.160  20.000  20.049  277.607
4.170  20.000  19.927  277.094
4.180  20.000  19.898  276.583
4.190  20.000  19.913  276.256
4.200  20.000  19.826  276.009
4.210  20.000  19.791  275.995
4.220  20.000  19.873  275.993
4.230  20.000  19.967  275.957
4.240  20.000  19.958  275.980
4.250  20.000  19.978  275.986
4.260  20.000  19.829  275.987
4.270  20.000  19.920  275.932
4.280  20.000  19.834  276.087
4.290  20.000  19.871  276.559
4.300  20.000  19.972  277.039
4.310  20.000  20.080  277.456
4.320  20.000  19.722  278.070
4.330  20.000  20.060  278.767
4.340  20.000  20.043  279.409
4.350  20.000  20.139  280.003
4.360  20.000  20.100  280.553
4.370  20.000  20.171  281.005
4.380  20.000  20.113  281.414
4.390  5.000  20.040  281.905
4.400  5.000  19.660  281.901
4.410  5.000  17.290  280.128
4.420  5.000  12.352  274.755
4.430  5.000  10.289  267.010
4.440  5.000  9.820  259.867
4.450  5.000  9.729  253.603
4.460  5.000  9.460  247.690
4.470  5.000  9.215  241.695
4.480  5.000  9.104  235.476
4.490  5.000  8.874  228.941
4.500  5.000  8.642  222.612
4.510  5.000  8.486  216.267
4.520  5.000  8.411  209.544
4.530  5.000  8.181  203.413
4.540  5.000  7.962  197.754
4.550  5.000  7.761  191.726
4.560  5.000  7.600  185.852
4.570  5.000  7.418  180.167
4.580  5.000  7.164  174.479
4.590  5.000  7.210  169.204
4.600  5.000  6.923  163.966
4.610  5.000  6.715  158.432
4.620  5.000  6.635  153.129
4.630  5.000  6.553  148.331
4.640  5.000  6.411  143.370
4.650  5.000  6.202  137.823
4.660  5.000  6.068  131.814
4.670  5.000  5.965  126.502
4.680  5.000  5.830  121.888
4.690  5.000  5.654  117.233
4.700  5.000  5.477  112.585
4.710  5.000  5.379  107.661
4.720  5.000  5.167  102.480
4.730  5.000  5.161  97.164
4.740  5.000  4.983  92.362
4.750  5.000  4.920  87.602
4.760  5.000  4.872  82.846
4.770  5.000  4.680  78.821
4.780  5.000  4.625  74.469
4.790  5.000  4.495  69.636
4.800  5.000  4.429  65.341
4.810  5.000  4.401  61.572
4.820  5.000  4.307  57.792
4.830  5.000  4.095  54.113
4.840  5.000  4.101  50.391
4.850  5.000  4.078  46.758
4.860  5.000  4.130  43.429
4.870  5.000  4.144  40.172
4.880  5.000  3.969  36.436
4.890  5.000  3.872  32.704
4.900  5.000  3.907  29.677
4.910  5.000  3.981  26.974
4.920  5.000  3.944  24.309
4.930  5.000  3.995  21.862
4.940  5.000  3.912  19.494
4.950  5.000  3.983  16.877
4.960  5.000  4.032  14.357
4.970  5.000  4.146  12.211
4.980  5.000  4.229  10.336
4.990  5.000  4.237  8.455
5.000  5.000  4.177  6.486
5.010  5.000  4.063  4.711
5.020  5.000  4.149  3.196
5.030  5.000  4.228  1.951
5.040  5.000  4.455  1.158
5.050  5.000  4.469  0.851
5.060  5.000  4.634  0.954
5.070  5.000  4.702  1.190
5.080  5.000  4.599  1.445
5.090  5.000  4.825  1.699
5.100  5.000  4.675  2.172
5.110  5.000  4.818  2.839
5.120  5.000  4.965  3.297
5.130  5.000  4.703  3.704
5.140  5.000  4.926  3.916
5.150  5.000  4.806  3.850
5.160  5.000  4.709  3.972
5.170  5.000  4.869  4.274
5.180  5.000  5.002  4.482
5.190  5.000  4.943  4.549
5.200  5.000  4.987  4.543
5.210  5.000  4.932  4.715
5.220  5.000  5.057  5.147
5.230  5.000  4.990  5.725
5.240  5.000  5.162  6.168
5.250  5.000  5.242  6.258
5.260  5.000  5.171  6.348
5.270  5.000  5.077  6.682
5.280  5.000  5.156  6.964
5.290  5.000  5.175  7.049
5.300  5.000  5.258  6.957
5.310  5.000  5.084  6.944
5.320  5.000  5.279  6.961
5.330  5.000  5.157  7.043
5.340  5.000  5.272  7.365
5.350  5.000  5.248  7.663
5.360  5.000  5.211  7.827
5.370  5.000  5.193  7.673
5.380  5.000  5.189  7.276
5.390  5.000  5.067  6.943
5.400  5.000  5.051  6.757
5.410  5.000  5.119  6.462
5.420  5.000  5.131  5.897
5.430  5.000  4.960  5.241
5.440  5.000  5.066  4.694
5.450  5.000  4.917  4.315
5.460  5.000  4.945  3.886
5.470  5.000  5.004  3.431
5.480  5.000  4.965  3.016
5.490  5.000  4.987  2.699
5.500  5.000  4.850  2.561
5.510  5.000  5.025  2.574
5.520  5.000  4.935  2.522
5.530  5.000  4.853  2.307
5.540  5.000  4.924  2.101
5.550  5.000  4.949  2.144
5.560  5.000  4.946  2.362
5.570  5.000  5.003  2.350
5.580  5.000  5.049  2.084
5.590  5.000  4.948  1.745
5.600  5.000  4.860  1.608
5.610  5.000  4.908  1.803
5.620  5.000  4.866  2.040
5.630  5.000  4.919  2.166
5.640  5.000  4.900  2.416
5.650  5.000  4.904  2.679
5.660  5.000  4.984  2.830
5.670  5.000  5.051  2.998
5.680  5.000  4.894  3.293
5.690  5.000  4.984  3.625
5.700  5.000  4.917  3.799
5.710  5.000  4.962  3.909
5.720  5.000  4.962  4.062
5.730  5.000  5.145  4.227
5.740  5.000  5.054  4.414
5.750  5.000  4.926  4.678
5.760  5.000  5.088  5.025
5.770  5.000  5.091  5.173
5.780  5.000  5.140  5.041
5.790  5.000  5.189  4.978
5.800  5.000  4.965  5.096
5.810  5.000  5.110  5.202
5.820  5.000  4.994  5.286
5.830  5.000  4.979  5.387
5.840  5.000  4.985  5.487
5.850  5.000  5.092  5.534
5.860  5.000  4.878  5.599
5.870  5.000  5.148  5.929
5.880  5.000  4.975  6.335
5.890  5.000  5.038  6.428
5.900  5.000  4.963  6.329
5.910  5.000  5.050  6.401
5.920  5.000  4.965  6.395
5.930  5.000  5.134  6.117
5.940  5.000  5.022  5.812
5.950  5.000  5.053  5.701
5.960  5.000  5.144  5.672
5.970  5.000  5.127  5.373
5.980  5.000  5.010  4.923
5.990  5.000  4.992  4.773
6.000  5.000  4.977  4.890
6.010  5.000  4.991  4.976
6.020  5.000  5.024  4.891
6.030  5.000  4.905  4.764
6.040  5.000  4.933  4.741
6.050  5.000  4.777  4.853
6.060  5.000  5.132  4.827
6.070  5.000  4.962  4.357
6.080  5.000  5.039  4.044
6.090  5.000  4.977  3.981
6.100  5.000  4.758  3.998
6.110  5.000  4.920  4.199
6.120  5.000  4.915  4.268
6.130  5.000  4.923  4.375
6.140  5.000  4.972  4.499
6.150  5.000  4.951  4.459
6.160  5.000  4.957  4.420
6.170  5.000  4.924  4.522
6.180  5.000  5.042  4.762
6.190  5.000  5.017  5.116
6.200  5.000  5.025  5.393
6.210  5.000  4.964  5.590
6.220  5.000  5.013  5.897
6.230  5.000  5.001  6.277
6.240  5.000  4.987  6.614
6.250  5.000  5.067  6.686
6.260  5.000  5.066  6.629
6.270  5.000  5.142  6.512
6.280  5.000  4.955  6.418
6.290  5.000  5.045  6.418
6.300  5.000  5.106  6.321
6.310  5.000  5.060  6.210
6.320  5.000  4.963  6.269
6.330  5.000  5.119  6.368
6.340  5.000  4.931  6.492
6.350  5.000  5.007  6.574
6.360  5.000  5.093  6.342
6.370  5.000  5.137  5.936
6.380  5.000  5.027  5.569
6.390  5.000  5.064  5.212
6.400  6.500  4.937  4.985
6.410  8.000  5.079  5.082
6.420  9.500  4.963  5.528
6.430  11.000  6.512  6.973
6.440  12.500  8.031  9.968
6.450  14.000  11.168  14.484
6.460  15.500  14.144  20.610
6.470  17.000  17.267  28.032
6.480  18.500  18.902  35.912
6.490  20.000  19.611  43.986
6.500  20.000  20.598  52.290
6.510  20.000  20.393  60.517
6.520  20.000  20.044  68.276
6.530  20.000  19.911  75.329
6.540  20.000  20.061  82.497
6.550  20.000  20.493  89.863
6.560  20.000  20.376  96.823
6.570  20.000  19.978  103.740
6.580  20.000  19.638  110.823
6.590  20.000  20.903  117.448
6.600  20.000  20.743  123.601
6.610  20.000  20.265  129.717
6.620  20.000  20.054  135.789
6.630  20.000  19.974  141.794
6.640  20.000  20.180  147.600
6.650  20.000  20.444  153.310
6.660  20.000  20.781  158.744
6.670  20.000  19.793  164.223
6.680  20.000  19.976  169.524
6.690  20.000  19.901  174.611
6.700  20.000  20.255  179.814
6.710  20.000  20.438  184.899
6.720  20.000  20.350  189.983
6.730  20.000  20.562  194.597
6.740  20.000  20.191  198.803
6.750  20.000  19.727  202.976
6.760  20.000  19.967  207.137
6.770  20.000  20.246  211.449
6.780  20.000  20.321  215.813
6.790  20.000  20.240  219.846
6.800  20.000  20.259  223.487
6.810  20.000  20.175  226.860
6.820  20.000  20.093  230.215
6.830  20.000  20.864  233.441
6.840  20.000  20.177  236.476
6.850  20.000  20.482  239.284
6.860  20.000  20.243  241.744
6.870  20.000  19.749  244.173
6.880  20.000  19.725  246.753
6.890  20.000  20.135  249.387
6.900  20.000  20.613  251.870
6.910  20.000  20.326  254.300
6.920  20.000  19.809  256.406
6.930  20.000  20.042  257.996
6.940  20.000  20.252  259.568
6.950  20.000  20.141  261.238
6.960  20.000  19.810  262.917
6.970  20.000  20.041  264.606
6.980  20.000  19.979  266.266
6.990  20.000  20.357  267.916
7.000  20.000  20.194  269.339
7.010  20.000  20.146  270.440
7.020  20.000  20.020  271.579
7.030  20.000  20.374  272.741
7.040  20.000  20.416  273.773
7.050  20.000  20.396  274.818
7.060  20.000  20.592  275.933
7.070  20.000  20.296  277.031
7.080  20.000  20.275  277.792
7.090  20.000  20.506  278.133
7.100  20.000  20.356  278.210
7.110  20.000  19.952  278.178
7.120  20.000  20.188  278.253
7.130  20.000  19.921  278.290
7.140  20.000  20.077  278.146
7.150  20.000  19.925  277.994
7.160  20.000  20.239  277.923
7.170  20.000  19.956  277.778
7.180  20.000  19.780  277.428
7.190  20.000  20.046  277.035
7.200  20.000  19.765  276.912
7.210  20.000  20.019  277.002
7.220  20.000  19.964  277.100
7.230  20.000  19.914  277.260
7.240  20.000  20.044  277.461
7.250  20.000  19.848  277.617
7.260  20.000  20.136  277.711
7.270  20.000  19.918  277.847
7.280  20.000  19.820  278.063
7.290  20.000  20.028  278.362
7.300  20.000  19.894  278.701
7.310  20.000  19.989  279.030
7.320  20.000  20.226  279.294
7.330  20.000  19.821  279.610
7.340  20.000  20.095  280.114
7.350  20.000  20.195  280.641
7.360  20.000  20.179  280.952
7.370  20.000  20.122  280.965
7.380  20.000  19.780  280.926
7.390  20.000  20.418  280.850
7.400  5.000  19.717  280.698
7.410  5.000  19.207  280.169
7.420  5.000  16.288  277.921
7.430  5.000  11.812  273.480
7.440  5.000  10.280  267.722
7.450  5.000  9.633  261.120
7.460  5.000  9.400  254.220
7.470  5.000  9.232  247.322
7.480  5.000  9.061  240.939
7.490  5.000  8.828  235.029
7.500  5.000  8.753  228.984
7.510  5.000  8.481  222.564
7.520  5.000  8.377  216.296
7.530  5.000  8.135  210.158
7.540  5.000  8.006  204.267
7.550  5.000  7.858  198.550
7.560  5.000  7.593  192.985
7.570  5.000  7.458  187.294
7.580  5.000  7.344  181.562
7.590  5.000  7.119  176.429
7.600  5.000  7.019  170.603
7.610  5.000  6.874  164.823
7.620  5.000  6.688  159.102
7.630  5.000  6.627  153.305
7.640  5.000  6.485  147.689
7.650  5.000  6.341  142.194
7.660  5.000  6.104  137.186
7.670  5.000  6.037  132.246
7.680  5.000  5.884  126.733
7.690  5.000  5.674  121.486
7.700  5.000  5.627  116.987
7.710  5.000  5.540  112.358
7.720  5.000  5.295  107.927
7.730  5.000  5.238  103.663
7.740  5.000  5.034  99.487
7.750  5.000  4.961  95.429
7.760  5.000  4.793  90.797
7.770  5.000  4.722  85.616
7.780  5.000  4.546  81.086
7.790  5.000  4.513  77.258
7.800  5.000  4.581  73.371
7.810  5.000  4.500  68.873
7.820  5.000  4.341  64.219
7.830  5.000  4.252  59.739
7.840  5.000  4.130  55.795
7.850  5.000  4.081  52.239
7.860  5.000  4.176  48.152
7.870  5.000  4.129  44.233
7.880  5.000  4.037  40.783
7.890  5.000  3.989  37.455
7.900  5.000  3.981  34.252
7.910  5.000  4.031  31.297
7.920  5.000  4.024  28.529
7.930  5.000  4.033  25.737
7.940  5.000  3.964  23.035
7.950  5.000  3.917  20.494
7.960  5.000  3.879  18.055
7.970  5.000  3.990  15.889
7.980  5.000  4.078  14.064
7.990  5.000  4.242  12.238
8.000  5.000  4.177  10.345
8.010  5.000  4.229  8.564
8.020  5.000  4.061  6.929
8.030  5.000  4.134  5.567
8.040  5.000  4.280  4.462
8.050  5.000  4.547  3.616
8.060  5.000  4.578  3.141
8.070  5.000  4.878  2.971
8.080  5.000  4.760  2.962
8.090  5.000  4.781  3.230
8.100  5.000  4.801  3.798
8.110  5.000  4.876  4.380
8.120  5.000  4.770  4.894
8.130  5.000  4.739  5.413
8.140  5.000  4.865  5.775
8.150  5.000  4.793  6.020
8.160  5.000  4.840  6.329
8.170  5.000  4.851  6.826
8.180  5.000  4.860  7.209
8.190  5.000  4.839  7.476
8.200  5.000  4.973  7.866
8.210  5.000  4.973  8.085
8.220  5.000  5.075  8.260
8.230  5.000  5.048  8.497
8.240  5.000  5.064  8.635
8.250  5.000  4.939  8.609
8.260  5.000  5.073  8.462
8.270  5.000  4.974  8.402
8.280  5.000  5.194  8.306
8.290  5.000  5.051  8.249
8.300  5.000  4.998  8.461
8.310  5.000  5.037  8.685
8.320  5.000  5.070  8.673
8.330  5.000  5.021  8.712
8.340  5.000  5.154  8.843
8.350  5.000  5.153  8.742
8.360  5.000  5.182  8.514
8.370  5.000  5.119  8.391
8.380  5.000  5.095  8.383
8.390  5.000  5.061  8.249
8.400  5.000  5.166  7.971
8.410  5.000  5.128  7.791
8.420  5.000  5.079  7.818
8.430  5.000  5.185  7.988
8.440  5.000  5.110  8.230
8.450  5.000  5.176  8.381
8.460  5.000  5.142  8.381
8.470  5.000  5.035  8.488
8.480  5.000  5.190  8.726
8.490  5.000  4.950  8.835
8.500  5.000  5.060  8.665
8.510  5.000  5.135  8.296
8.520  5.000  4.998  7.914
8.530  5.000  5.115  7.581
8.540  5.000  5.058  7.277
8.550  5.000  4.971  6.830
8.560  5.000  4.883  6.394
8.570  5.000  4.911  6.060
8.580  5.000  4.991  5.766
8.590  5.000  4.943  5.543
8.600  5.000  5.003  5.208
8.610  5.000  4.885  4.831
8.620  5.000  4.990  4.599
8.630  5.000  4.966  4.489
8.640  5.000  4.880  4.553
8.650  5.000  4.903  4.739
8.660  5.000  5.072  4.679
8.670  5.000  4.835  4.470
8.680  5.000  4.899  4.493
8.690  5.000  4.937  4.790
8.700  5.000  4.965  5.009
8.710  5.000  4.928  5.038
8.720  5.000  4.937  5.177
8.730  5.000  4.884  5.190
8.740  5.000  4.964  5.129
8.750  5.000  5.034  5.248
8.760  5.000  5.107  5.313
8.770  5.000  4.887  5.503
8.780  5.000  4.799  6.016
8.790  5.000  5.054  6.354
8.800  5.000  4.935  6.360
8.810  5.000  5.025  6.418
8.820  5.000  5.173  6.455
8.830  5.000  5.062  6.322
8.840  5.000  5.008  6.180
8.850  5.000  5.044  6.102
8.860  5.000  5.013  6.049
8.870  5.000  5.023  6.032
8.880  5.000  4.942  6.354
8.890  5.000  5.027  6.740
8.900  5.000  5.037  6.833
8.910  5.000  5.051  6.863
8.920  5.000  4.941  6.918
8.930  5.000  5.092  6.984
8.940  5.000  5.212  6.908
8.950  5.000  5.070  6.684
8.960  5.000  5.079  6.628
8.970  5.000  5.043  6.704
8.980  5.000  5.042  6.528
8.990  5.000  5.123  6.376
9.000  5.000  5.033  6.365
9.010  5.000  5.107  6.228
9.020  5.000  4.890  6.044
9.030  5.000  4.973  5.921
9.040  5.000  4.954  5.853
9.050  5.000  4.971  5.839
9.060  5.000  4.946  5.811
9.070  5.000  4.898  5.732
9.080  5.000  4.959  5.696
9.090  5.000  5.063  5.559
9.100  5.000  4.861  5.467
9.110  5.000  4.959  5.548
9.120  5.000  4.941  5.573
9.130  5.000  5.018  5.518
9.140  5.000  5.058  5.393
9.150  5.000  4.983  5.270
9.160  5.000  5.041  5.088
9.170  5.000  5.070  4.864
9.180  5.000  4.992  4.628
9.190  5.000  5.018  4.341
9.200  5.000  5.034  4.214
9.210  5.000  5.118  4.183
9.220  5.000  5.041  4.113
9.230  5.000  4.853  4.241
9.240  5.000  5.037  4.365
9.250  5.000  4.958  4.365
9.260  5.000  4.989  4.413
9.270  5.000  4.868  4.522
9.280  5.000  4.911  4.741
9.290  5.000  4.967  4.814
9.300  5.000  5.024  4.613
9.310  5.000  4.881  4.271
9.320  5.000  4.973  4.068
9.330  5.000  4.969  4.325
9.340  5.000  4.941  4.969
9.350  5.000  5.085  5.172
9.360  5.000  4.954  4.947
9.370  5.000  5.027  4.898
9.380  5.000  5.091  4.911
9.390  5.000  5.044  4.963
9.400  5.000  4.948  4.980
9.410  6.500  5.005  4.756
9.420  8.000  5.115  4.439
9.430  9.500  5.154  4.616
9.440  11.000  6.805  5.953
9.450  12.500  8.454  8.688
9.460  14.000  11.388  13.079
9.470  15.500  14.328  19.113
9.480  17.000  17.453  25.958
9.490  18.500  18.952  33.159
9.500  20.000  18.523  40.950
9.510  20.000  19.890  48.858
9.520  20.000  20.543  56.540
9.530  20.000  20.870  64.684
9.540  20.000  19.973  73.337
9.550  20.000  19.620  81.312
9.560  20.000  20.606  88.237
9.570  20.000  20.406  94.995
9.580  20.000  19.842  102.121
9.590  20.000  20.042  109.446
9.600  20.000  20.436  116.524
9.610  20.000  20.962  123.293
9.620  20.000  20.525  129.489
9.630  20.000  20.260  135.444
9.640  20.000  19.765  141.527
9.650  20.000  19.283  147.659
9.660  20.000  20.307  153.719
9.670  20.000  20.819  159.742
9.680  20.000  21.289  165.504
9.690  20.000  20.142  170.497
9.700  20.000  19.473  175.550
9.710  20.000  19.893  180.869
9.720  20.000  20.578  185.896
9.730  20.000  20.658  190.654
9.740  20.000  20.476  194.975
9.750  20.000  19.701  198.889
9.760  20.000  19.782  202.582
9.770  20.000  20.016  206.442
9.780  20.000  20.097  210.740
9.790  20.000  20.165  215.060
9.800  20.000  20.410  219.145
9.810  20.000  20.247  223.066
9.820  20.000  20.480  226.562
9.830  20.000  20.016  229.848
9.840  20.000  20.448  233.201
9.850  20.000  20.226  236.437
9.860  20.000  20.267  239.479
9.870  20.000  20.346  242.418
9.880  20.000  20.038  245.279
9.890  20.000  19.847  247.886
9.900  20.000  20.102  250.402
9.910  20.000  20.570  252.870
9.920  20.000  20.280  255.076
9.930  20.000  19.765  256.991
9.940  20.000  19.978  258.866
9.950  20.000  19.950  260.825
9.960  20.000  20.369  262.746
9.970  20.000  20.381  264.427
9.980  20.000  19.985  265.836
9.990  20.000  20.052  267.100
10.000  20.000  20.081  268.440
10.010  20.000  20.094  269.917
10.020  20.000  19.985  271.383
10.030  20.000  20.246  272.701
10.040  20.000  20.298  273.948
10.050  20.000  20.283  275.142
10.060  20.000  20.460  276.218
10.070  20.000  20.497  277.273
10.080  20.000  20.693  278.278
10.090  20.000  20.223  279.064
10.100  20.000  20.251  279.567
10.110  20.000  20.150  279.880
10.120  20.000  20.327  280.062
10.130  20.000  19.861  280.255
10.140  20.000  20.284  280.416
10.150  20.000  19.788  280.553
10.160  20.000  20.293  280.540
10.170  20.000  20.045  280.326
10.180  20.000  20.039  280.088
10.190  20.000  19.885  279.913
10.200  20.000  19.880  279.679
10.210  20.000  20.021  279.306
10.220  20.000  19.841  279.028
10.230  20.000  19.917  278.832
10.240  20.000  19.862  278.623
10.250  20.000  19.911  278.518
10.260  20.000  19.888  278.469
10.270  20.000  19.729  278.556
10.280  20.000  19.994  278.815
10.290  20.000  19.996  279.123
10.300  20.000  20.285  279.468
10.310  20.000  20.213  279.691
10.320  20.000  19.809  279.795
10.330  20.000  20.301  279.831
10.340  20.000  19.870  279.860
10.350  20.000  20.341  279.861
10.360  20.000  19.547  279.881
10.370  20.000  20.096  279.972
10.380  20.000  20.344  280.082
10.390  20.000  20.147  280.052
10.400  20.000  19.720  279.936
10.410  5.000  20.100  279.847
10.420  5.000  19.570  279.407
10.430  5.000  16.896  277.435
10.440  5.000  12.092  272.068
10.450  5.000  10.234  264.435
10.460  5.000  9.667  257.037
10.470  5.000  9.390  250.584
10.480  5.000  9.305  244.448
10.490  5.000  8.930  238.381
10.500  5.000  8.869  232.661
10.510  5.000  8.704  226.682
10.520  5.000  8.584  220.614
10.530  5.000  8.352  214.393
10.540  5.000  8.222  207.983
10.550  5.000  8.020  202.046
10.560  5.000  7.860  196.535
10.570  5.000  7.558  190.590
10.580  5.000  7.511  184.831
10.590  5.000  7.346  179.077
10.600  5.000  7.204  173.229
10.610  5.000  6.996  167.700
10.620  5.000  6.922  161.689
10.630  5.000  6.716  155.716
10.640  5.000  6.674  150.202
10.650  5.000  6.551  145.175
10.660  5.000  6.330  140.331
10.670  5.000  6.078  134.923
10.680  5.000  5.848  129.773
10.690  5.000  5.668  125.724
10.700  5.000  5.487  121.190
10.710  5.000  5.479  116.378
10.720  5.000  5.401  111.211
10.730  5.000  5.054  105.330
10.740  5.000  4.788  99.949
10.750  5.000  4.914  94.581
10.760  5.000  4.681  89.124
10.770  5.000  4.586  84.022
10.780  5.000  4.609  79.740
10.790  5.000  4.424  75.407
10.800  5.000  4.341  71.075
10.810  5.000  4.404  67.439
10.820  5.000  4.244  63.748
10.830  5.000  4.219  60.377
10.840  5.000  4.221  57.301
10.850  5.000  4.247  54.027
10.860  5.000  4.195  50.613
10.870  5.000  4.166  47.303
10.880  5.000  4.001  44.245
10.890  5.000  3.847  40.530
10.900  5.000  4.012  36.820
10.910  5.000  4.094  34.142
10.920  5.000  4.162  31.763
10.930  5.000  4.178  29.067
10.940  5.000  3.995  25.945
10.950  5.000  4.024  23.107
10.960  5.000  4.117  20.769
10.970  5.000  4.176  18.512
10.980  5.000  4.260  16.414
10.990  5.000  4.421  14.535
11.000  5.000  4.409  12.706
11.010  5.000  4.330  10.935
11.020  5.000  4.340  9.109
11.030  5.000  4.309  7.316
11.040  5.000  4.291  5.648
11.050  5.000  4.354  4.286
11.060  5.000  4.629  3.265
11.070  5.000  4.664  2.530
11.080  5.000  4.809  1.911
11.090  5.000  4.682  1.327
11.100  5.000  4.776  1.157
11.110  5.000  4.876  1.136
11.120  5.000  4.835  1.010
11.130  5.000  4.695  0.976
11.140  5.000  4.945  0.989
11.150  5.000  4.815  1.037
11.160  5.000  4.905  0.923
11.170  5.000  4.936  0.630
11.180  5.000  4.863  0.629
11.190  5.000  4.930  0.859
11.200  5.000  5.023  0.930
11.210  5.000  4.950  1.005
11.220  5.000  4.970  1.267
11.230  5.000  5.012  1.439
11.240  5.000  5.116  1.354
11.250  5.000  5.176  1.162
11.260  5.000  5.236  1.101
11.270  5.000  4.966  1.368
11.280  5.000  5.171  1.524
11.290  5.000  5.057  1.630
11.300  5.000  5.087  1.710
11.310  5.000  5.025  1.618
11.320  5.000  5.105  1.701
11.330  5.000  5.021  1.727
11.340  5.000  5.057  1.673
11.350  5.000  5.047  1.522
11.360  5.000  4.955  1.361
11.370  5.000  5.038  1.644
11.380  5.000  5.102  1.948
11.390  5.000  5.057  1.670
11.400  5.000  5.085  1.034
11.410  5.000  5.031  0.562
11.420  5.000  5.040  0.535
11.430  5.000  5.016  0.623
11.440  5.000  5.103  0.398
11.450  5.000  4.978  0.038
11.460  5.000  5.003  -0.173
11.470  5.000  4.998  -0.332
11.480  5.000  4.960  -0.553
11.490  5.000  4.910  -0.801
11.500  5.000  4.969  -0.929
11.510  5.000  4.920  -0.903
11.520  5.000  4.915  -0.900
11.530  5.000  4.958  -0.808
11.540  5.000  4.958  -0.534
11.550  5.000  4.985  -0.288
11.560  5.000  4.956  -0.227
11.570  5.000  4.976  -0.381
11.580  5.000  4.978  -0.634
11.590  5.000  4.940  -0.925
11.600  5.000  5.030  -1.168
11.610  5.000  4.894  -1.223
11.620  5.000  4.987  -1.155
11.630  5.000  5.011  -1.045
11.640  5.000  4.999  -0.711
11.650  5.000  4.986  -0.308
11.660  5.000  4.976  -0.135
11.670  5.000  4.957  -0.055
11.680  5.000  4.942  -0.053
11.690  5.000  4.897  -0.240
11.700  5.000  4.969  -0.361
11.710  5.000  5.053  -0.456
11.720  5.000  5.071  -0.699
11.730  5.000  4.954  -0.703
11.740  5.000  5.034  -0.558
11.750  5.000  5.035  -0.519
11.760  5.000  5.092  -0.531
11.770  5.000  5.089  -0.754
11.780  5.000  5.054  -0.948
11.790  5.000  5.150  -1.062
11.800  5.000  5.006  -1.141
11.810  5.000  4.976  -1.142
11.820  5.000  5.112  -1.372
11.830  5.000  5.010  -1.650
11.840  5.000  4.893  -1.555
11.850  5.000  5.121  -1.281
11.860  5.000  4.995  -1.305
11.870  5.000  5.077  -1.493
11.880  5.000  4.957  -1.494
11.890  5.000  4.930  -1.362
11.900  5.000  4.967  -1.309
11.910  5.000  4.906  -1.498
11.920  5.000  5.071  -1.933
11.930  5.000  4.913  -2.180
11.940  5.000  4.926  -2.112
11.950  5.000  4.857  -1.975
11.960  5.000  5.024  -1.848
11.970  5.000  4.992  -1.807
11.980  5.000  5.013  -1.798
11.990  5.000  4.914  -1.719
12.000  5.000  4.846  -1.554
12.010  5.000  4.999  -1.491
12.020  5.000  5.005  -1.493
12.030  5.000  5.092  -1.424
12.040  5.000  5.020  -1.296
12.050  5.000  5.129  -1.198
12.060  5.000  5.100  -1.356
12.070  5.000  5.102  -1.554
12.080  5.000  4.903  -1.530
12.090  5.000  5.018  -1.374
12.100  5.000  4.836  -1.225
12.110  5.000  5.045  -1.004
12.120  5.000  5.006  -0.810
12.130  5.000  5.028  -0.714
12.140  5.000  4.922  -0.673
12.150  5.000  4.998  -0.742
12.160  5.000  5.031  -0.737
12.170  5.000  4.981  -0.675
12.180  5.000  4.962  -0.633
12.190  5.000  4.986  -0.529
12.200  5.000  4.990  -0.412
12.210  5.000  4.880  -0.278
12.220  5.000  4.932  -0.051
12.230  5.000  4.973  0.046
12.240  5.000  5.096  -0.025
12.250  5.000  4.908  0.027
12.260  5.000  5.152  0.029
12.270  5.000  5.034  -0.189
12.280  5.000  4.961  -0.306
12.290  5.000  5.048  -0.250
12.300  5.000  4.923  -0.156
12.310  5.000  5.131  -0.101
12.320  5.000  5.134  -0.192
12.330  5.000  5.124  -0.372
12.340  5.000  4.873  -0.213
12.350  5.000  5.152  0.090
12.360  5.000  4.946  0.099
12.370  5.000  5.159  0.075
12.380  5.000  4.912  0.078
12.390  5.000  5.007  0.002
12.400  5.000  5.010  -0.252
12.410  5.000  5.053  -0.785
12.420  6.500  4.989  -1.217
12.430  8.000  5.081  -1.195
12.440  9.500  5.041  -0.836
12.450  11.000  6.600  0.219
12.460  12.500  8.138  2.943
12.470  14.000  11.048  7.800
12.480  15.500  14.022  14.293
12.490  17.000  17.749  21.426
12.500  18.500  19.301  29.034
12.510  20.000  19.587  37.214
12.520  20.000  18.733  45.311
12.530  20.000  20.856  52.925
12.540  20.000  21.115  60.491
12.550  20.000  20.517  67.644
12.560  20.000  19.181  74.763
12.570  20.000  19.501  82.220
12.580  20.000  20.763  89.584
12.590  20.000  20.836  96.823
12.600  20.000  20.177  103.648
12.610  20.000  19.738  110.233
12.620  20.000  19.754  116.865
12.630  20.000  20.306  123.912
12.640  20.000  20.332  130.812
12.650  20.000  20.517  137.023
12.660  20.000  20.298  143.029
12.670  20.000  20.418  148.886
12.680  20.000  20.691  154.435
12.690  20.000  20.265  159.858
12.700  20.000  19.920  165.077
12.710  20.000  20.281  170.121
12.720  20.000  20.118  175.161
12.730  20.000  20.814  180.049
12.740  20.000  20.119  184.598
12.750  20.000  19.765  188.965
12.760  20.000  19.847  193.537
12.770  20.000  20.053  198.519
12.780  20.000  20.935  203.328
12.790  20.000  20.128  207.678
12.800  20.000  19.877  211.650
12.810  20.000  19.679  215.448
12.820  20.000  20.614  219.150
12.830  20.000  20.193  222.659
12.840  20.000  20.194  226.080
12.850  20.000  20.521  229.389
12.860  20.000  20.147  232.717
12.870  20.000  20.346  236.004
12.880  20.000  20.550  239.066
12.890  20.000  20.268  241.778
12.900  20.000  19.733  244.017
12.910  20.000  20.317  245.990
12.920  20.000  20.152  248.140
12.930  20.000  20.163  250.151
12.940  20.000  19.845  251.999
12.950  20.000  19.873  253.955
12.960  20.000  19.990  255.850
12.970  20.000  20.153  257.732
12.980  20.000  20.551  259.653
12.990  20.000  19.661  261.402
13.000  20.000  20.220  262.925
13.010  20.000  20.374  264.510
13.020  20.000  19.957  266.138
13.030  20.000  19.957  267.677
13.040  20.000  19.905  269.175
13.050  20.000  20.253  270.629
13.060  20.000  20.380  271.831
13.070  20.000  20.319  272.752
13.080  20.000  20.609  273.758
13.090  20.000  20.438  274.993
13.100  20.000  20.517  276.109
13.110  20.000  20.402  276.849
13.120  20.000  20.295  277.335
13.130  20.000  20.357  277.695
13.140  20.000  20.236  277.905
13.150  20.000  20.320  277.848
13.160  20.000  20.273  277.506
13.170  20.000  20.195  276.933
13.180  20.000  19.992  276.208
13.190  20.000  19.915  275.431
13.200  20.000  20.049  274.686
13.210  20.000  19.757  274.053
13.220  20.000  20.076  273.491
13.230  20.000  19.708  273.091
13.240  20.000  20.031  272.788
13.250  20.000  19.754  272.349
13.260  20.000  19.812  271.876
13.270  20.000  19.597  271.631
13.280  20.000  19.936  271.568
13.290  20.000  19.561  271.659
13.300  20.000  19.990  271.964
13.310  20.000  19.903  272.315
13.320  20.000  19.674  272.815
13.330  20.000  20.151  273.423
13.340  20.000  20.001  274.069
13.350  20.000  20.167  274.826
13.360  20.000  20.122  275.520
13.370  20.000  20.140  276.090
13.380  20.000  20.080  276.729
13.390  20.000  19.853  277.480
13.400  20.000  20.311  278.047
13.410  20.000  20.110  278.398
13.420  5.000  20.234  278.687
13.430  5.000  19.600  278.447
13.440  5.000  17.397  276.351
13.450  5.000  12.265  270.866
13.460  5.000  10.313  263.057
13.470  5.000  9.742  255.396
13.480  5.000  9.380  248.526
13.490  5.000  9.307  242.092
13.500  5.000  8.695  236.308
13.510  5.000  8.714  231.096
13.520  5.000  8.148  225.540
13.530  5.000  7.810  219.921
13.540  5.000  7.983  214.075
13.550  5.000  7.849  208.392
13.560  5.000  7.598  202.834
13.570  5.000  7.731  196.661
13.580  5.000  7.538  190.462
13.590  5.000  7.436  184.995
13.600  5.000  7.300  180.185
13.610  5.000  6.970  175.423
13.620  5.000  6.994  170.544
13.630  5.000  6.732  165.739
13.640  5.000  6.399  160.913
13.650  5.000  6.378  155.185
13.660  5.000  6.347  149.047
13.670  5.000  6.176  143.815
13.680  5.000  6.137  139.134
13.690  5.000  5.977  134.426
13.700  5.000  5.865  129.716
13.710  5.000  5.647  125.110
13.720  5.000  5.476  120.257
13.730  5.000  5.372  115.620
13.740  5.000  5.243  111.570
13.750  5.000  5.104  107.486
13.760  5.000  5.088  103.475
13.770  5.000  4.809  99.004
13.780  5.000  4.825  94.603
13.790  5.000  4.678  90.685
13.800  5.000  4.586  86.656
13.810  5.000  4.522  82.606
13.820  5.000  4.586  78.585
13.830  5.000  4.365  74.063
13.840  5.000  4.249  69.303
13.850  5.000  4.207  65.132
13.860  5.000  4.259  60.932
13.870  5.000  4.135  56.274
13.880  5.000  4.244  52.513
13.890  5.000  4.286  49.666
13.900  5.000  4.121  46.650
13.910  5.000  4.083  43.227
13.920  5.000  4.069  39.951
13.930  5.000  3.950  37.094
13.940  5.000  4.136  34.110
13.950  5.000  4.053  31.221
13.960  5.000  4.026  28.457
13.970  5.000  3.973  25.670
13.980  5.000  3.960  22.994
13.990  5.000  4.047  20.510
14.000  5.000  4.101  18.129
14.010  5.000  4.290  15.974
14.020  5.000  4.383  14.203
14.030  5.000  4.331  12.455
14.040  5.000  4.170  10.605
14.050  5.000  4.131  8.943
14.060  5.000  4.160  7.555
14.070  5.000  4.371  6.304
14.080  5.000  4.574  5.462
14.090  5.000  4.706  5.032
14.100  5.000  4.689  4.625
14.110  5.000  4.725  4.496
14.120  5.000  4.749  4.764
14.130  5.000  4.702  5.097
14.140  5.000  4.776  5.420
14.150  5.000  4.867  5.892
14.160  5.000  4.807  6.596
14.170  5.000  4.819  7.305
14.180  5.000  4.932  7.732
14.190  5.000  4.958  8.029
14.200  5.000  4.773  8.390
14.210  5.000  4.691  8.640
14.220  5.000  4.974  8.719
14.230  5.000  4.905  8.782
14.240  5.000  5.036  8.882
14.250  5.000  5.167  8.855
14.260  5.000  4.940  8.742
14.270  5.000  5.032  8.818
14.280  5.000  5.024  8.961
14.290  5.000  5.143  8.939
14.300  5.000  5.018  9.080
14.310  5.000  5.139  9.369
14.320  5.000  5.048  9.459
14.330  5.000  5.077  9.361
14.340  5.000  5.111  9.297
14.350  5.000  4.964  9.376
14.360  5.000  5.028  9.314
14.370  5.000  5.217  9.326
14.380  5.000  5.103  9.692
14.390  5.000  5.092  10.168
14.400  5.000  5.189  10.445
14.410  5.000  5.041  10.650
14.420  5.000  5.197  10.826
14.430  5.000  5.072  10.950
14.440  5.000  5.095  11.060
14.450  5.000  5.106  11.215
14.460  5.000  5.176  11.318
14.470  5.000  5.134  11.053
14.480  5.000  5.125  10.459
14.490  5.000  5.108  9.813
14.500  5.000  5.170  9.318
14.510  5.000  5.121  9.050
14.520  5.000  5.012  8.734
14.530  5.000  5.027  8.215
14.540  5.000  4.953  7.732
14.550  5.000  4.883  7.267
14.560  5.000  5.011  7.010
14.570  5.000  4.957  6.888
14.580  5.000  4.948  6.799
14.590  5.000  4.880  6.640
14.600  5.000  4.961  6.243
14.610  5.000  4.821  5.891
14.620  5.000  4.987  5.721
14.630  5.000  4.809  5.806
14.640  5.000  4.914  6.063
14.650  5.000  4.931  6.143
14.660  5.000  4.858  5.989
14.670  5.000  5.000  5.747
14.680  5.000  4.773  5.814
14.690  5.000  4.802  6.253
14.700  5.000  4.968  6.694
14.710  5.000  4.908  6.994
14.720  5.000  4.987  7.348
14.730  5.000  4.986  7.899
14.740  5.000  5.004  8.217
14.750  5.000  4.907  8.233
14.760  5.000  5.199  8.240
14.770  5.000  5.133  8.335
14.780  5.000  5.142  8.357
14.790  5.000  5.000  8.258
14.800  5.000  4.968  8.246
14.810  5.000  5.061  8.541
14.820  5.000  5.043  8.927
14.830  5.000  5.017  8.989
14.840  5.000  5.014  9.034
14.850  5.000  5.057  9.320
14.860  5.000  5.045  9.802
14.870  5.000  5.240  9.971
14.880  5.000  5.139  9.813
14.890  5.000  5.214  9.691
14.900  5.000  4.980  9.607
14.910  5.000  4.996  9.540
14.920  5.000  5.049  9.423
14.930  5.000  5.113  9.178
14.940  5.000  4.957  8.897
14.950  5.000  4.942  8.875
14.960  5.000  5.035  8.786
14.970  5.000  4.847  8.371
14.980  5.000  4.938  7.991
14.990  5.000  5.021  7.816
15.000  5.000  4.865  7.882
15.010  5.000  4.900  8.163
15.020  5.000  4.981  8.324
15.030  5.000  5.024  8.475
15.040  5.000  4.952  8.605
15.050  5.000  5.095  8.467
15.060  5.000  4.908  8.256
15.070  5.000  5.104  8.235
15.080  5.000  4.875  8.455
15.090  5.000  5.084  8.702
15.100  5.000  4.936  8.740
15.110  5.000  5.076  8.519
15.120  5.000  4.941  8.387
15.130  5.000  5.192  8.549
15.140  5.000  4.868  8.840
15.150  5.000  4.975  9.041
15.160  5.000  5.012  9.105
15.170  5.000  4.946  9.219
15.180  5.000  4.862  9.361
15.190  5.000  5.026  9.295
15.200  5.000  4.912  9.121
15.210  5.000  4.998  8.970
15.220  5.000  4.941  8.652
15.230  5.000  4.971  8.224
15.240  5.000  5.009  8.095
15.250  5.000  4.886  8.375
15.260  5.000  4.980  8.657
15.270  5.000  5.005  8.904
15.280  5.000  5.053  9.052
15.290  5.000  5.195  8.812
15.300  5.000  5.075  8.595
15.310  5.000  4.916  8.630
15.320  5.000  5.037  8.639
15.330  5.000  5.024  8.498
15.340  5.000  5.066  8.340
15.350  5.000  4.998  8.411
15.360  5.000  5.030  8.842
15.370  5.000  5.016  9.313
15.380  5.000  5.030  9.486
15.390  5.000  5.016  9.531
15.400  5.000  4.996  9.575
15.410  5.000  5.094  9.773
15.420  5.000  5.112  10.117
15.430  6.500  5.136  10.233
15.440  8.000  5.180  10.103
15.450  9.500  5.148  10.134
15.460  11.000  6.387  11.093
15.470  12.500  7.833  13.685
15.480  14.000  10.914  18.235
15.490  15.500  14.130  24.136
15.500  17.000  16.812  31.531
15.510  18.500  18.883  40.199
15.520  20.000  20.487  48.906
15.530  20.000  20.401  57.528
15.540  20.000  20.850  65.605
15.550  20.000  19.949  73.101
15.560  20.000  19.843  80.620
15.570  20.000  20.201  87.961
15.580  20.000  20.391  94.761
15.590  20.000  20.095  101.328
15.600  20.000  19.898  107.898
15.610  20.000  19.963  114.575
15.620  20.000  20.140  121.157
15.630  20.000  20.873  127.353
15.640  20.000  20.752  133.056
15.650  20.000  19.932  138.688
15.660  20.000  19.565  144.671
15.670  20.000  20.660  150.568
15.680  20.000  20.900  156.402
15.690  20.000  20.574  162.237
15.700  20.000  19.167  167.876
15.710  20.000  19.900  173.045
15.720  20.000  20.193  178.067
15.730  20.000  20.678  183.134
15.740  20.000  20.427  188.112
15.750  20.000  20.138  193.079
15.760  20.000  20.376  197.696
15.770  20.000  20.369  201.970
15.780  20.000  20.065  205.881
15.790  20.000  19.768  209.604
15.800  20.000  20.258  213.327
15.810  20.000  20.520  217.109
15.820  20.000  20.235  220.631
15.830  20.000  20.040  223.874
15.840  20.000  20.264  227.128
15.850  20.000  20.181  230.253
15.860  20.000  20.197  233.371
15.870  20.000  20.210  236.662
15.880  20.000  20.042  239.899
15.890  20.000  20.173  242.996
15.900  20.000  20.344  246.057
15.910  20.000  20.032  248.908
15.920  20.000  20.182  251.564
15.930  20.000  20.338  254.067
15.940  20.000  19.810  256.373
15.950  20.000  20.085  258.568
15.960  20.000  20.159  260.829
15.970  20.000  20.613  262.829
15.980  20.000  19.848  264.560
15.990  20.000  19.776  266.191
16.000  20.000  20.134  267.749
16.010  20.000  20.179  269.381
16.020  20.000  20.103  270.778
16.030  20.000  20.219  271.887
16.040  20.000  20.326  272.904
16.050  20.000  20.156  274.047
16.060  20.000  20.179  275.376
16.070  20.000  20.364  276.532
16.080  20.000  20.102  277.618
16.090  20.000  20.409  278.840
16.100  20.000  20.632  279.909
16.110  20.000  20.593  280.718
16.120  20.000  20.603  281.268
16.130  20.000  20.073  281.444
16.140  20.000  20.294  281.317
16.150  20.000  20.170  281.077
16.160  20.000  19.973  280.824
16.170  20.000  19.983  280.478
16.180  20.000  19.887  280.022
16.190  20.000  19.918  279.521
16.200  20.000  19.878  279.008
16.210  20.000  19.986  278.657
16.220  20.000  19.726  278.583
16.230  20.000  19.974  278.593
16.240  20.000  19.787  278.494
16.250  20.000  20.345  278.188
16.260  20.000  19.858  277.986
16.270  20.000  20.140  277.974
16.280  20.000  20.172  277.883
16.290  20.000  19.928  277.978
16.300  20.000  19.971  278.230
16.310  20.000  19.791  278.328
16.320  20.000  20.076  278.320
16.330  20.000  20.083  278.266
16.340  20.000  19.665  278.388
16.350  20.000  20.008  278.742
16.360  20.000  19.786  279.123
16.370  20.000  20.053  279.484
16.380  20.000  19.962  279.768
16.390  20.000  19.946  280.076
16.400  20.000  20.006  280.458
16.410  20.000  19.972  280.643
16.420  20.000  20.323  280.708
16.430  5.000  19.750  281.009
16.440  5.000  19.141  280.938
16.450  5.000  17.407  278.985
16.460  5.000  13.908  273.635
16.470  5.000  11.231  266.123
16.480  5.000  9.833  258.843
16.490  5.000  9.558  251.669
16.500  5.000  9.326  244.390
16.510  5.000  9.087  237.715
16.520  5.000  8.981  230.998
16.530  5.000  8.627  224.470
16.540  5.000  8.467  218.128
16.550  5.000  8.310  211.870
16.560  5.000  8.104  206.210
16.570  5.000  7.828  200.030
16.580  5.000  7.728  194.020
16.590  5.000  7.431  188.050
16.600  5.000  7.208  182.409
16.610  5.000  7.107  176.748
16.620  5.000  6.973  170.091
16.630  5.000  6.688  164.175
16.640  5.000  6.479  158.536
16.650  5.000  6.503  153.022
16.660  5.000  6.312  148.365
16.670  5.000  6.104  143.193
16.680  5.000  6.090  137.883
16.690  5.000  5.904  133.129
16.700  5.000  5.875  128.413
16.710  5.000  5.634  123.303
16.720  5.000  5.655  118.362
16.730  5.000  5.583  114.011
16.740  5.000  5.357  108.724
16.750  5.000  5.131  102.788
16.760  5.000  5.086  97.290
16.770  5.000  4.959  92.440
16.780  5.000  4.821  87.556
16.790  5.000  4.740  82.814
16.800  5.000  4.555  78.870
16.810  5.000  4.480  74.343
16.820  5.000  4.478  69.674
16.830  5.000  4.536  65.219
16.840  5.000  4.410  60.338
16.850  5.000  4.233  55.604
16.860  5.000  4.057  51.718
16.870  5.000  4.164  48.232
16.880  5.000  4.219  44.566
16.890  5.000  4.311  40.510
16.900  5.000  4.117  36.692
16.910  5.000  4.210  33.432
16.920  5.000  3.998  30.374
16.930  5.000  4.081  27.663
16.940  5.000  4.049  24.596
16.950  5.000  4.127  20.957
16.960  5.000  4.068  17.447
16.970  5.000  3.922  14.552
16.980  5.000  3.968  11.881
16.990  5.000  4.044  9.324
17.000  5.000  4.088  6.871
17.010  5.000  4.283  4.756
17.020  5.000  4.368  2.944
17.030  5.000  4.331  1.048
17.040  5.000  4.297  -0.926
17.050  5.000  4.256  -2.874
17.060  5.000  4.205  -4.764
17.070  5.000  4.273  -6.463
17.080  5.000  4.422  -7.732
17.090  5.000  4.509  -8.451
17.100  5.000  4.734  -8.888
17.110  5.000  4.707  -9.147
17.120  5.000  4.805  -9.258
17.130  5.000  4.732  -9.339
17.140  5.000  4.854  -9.366
17.150  5.000  4.839  -9.411
17.160  5.000  4.913  -9.263
17.170  5.000  4.884  -8.958
17.180  5.000  4.938  -8.693
17.190  5.000  4.853  -8.453
17.200  5.000  4.910  -8.169
17.210  5.000  4.936  -7.945
17.220  5.000  4.953  -7.831
17.230  5.000  5.016  -7.840
17.240  5.000  4.936  -7.905
17.250  5.000  4.991  -7.766
17.260  5.000  4.988  -7.493
17.270  5.000  4.943  -7.202
17.280  5.000  5.060  -7.013
17.290  5.000  5.026  -6.766
17.300  5.000  5.154  -6.544
17.310  5.000  5.053  -6.476
17.320  5.000  5.089  -6.368
17.330  5.000  5.220  -6.310
17.340  5.000  5.162  -6.169
17.350  5.000  5.082  -5.900
17.360  5.000  5.208  -5.897
17.370  5.000  5.084  -6.039
17.380  5.000  5.178  -6.143
17.390  5.000  5.025  -6.265
17.400  5.000  5.082  -6.326
17.410  5.000  4.942  -6.442
17.420  5.000  5.160  -6.811
17.430  5.000  4.958  -7.298
17.440  5.000  5.007  -7.764
17.450  5.000  4.944  -8.058
17.460  5.000  5.030  -8.140
17.470  5.000  5.079  -8.305
17.480  5.000  5.060  -8.577
17.490  5.000  5.116  -8.884
17.500  5.000  4.948  -9.285
17.510  5.000  4.815  -9.566
17.520  5.000  4.933  -9.738
17.530  5.000  4.951  -10.041
17.540  5.000  5.009  -10.231
17.550  5.000  4.965  -10.189
17.560  5.000  5.028  -10.222
17.570  5.000  4.876  -10.434
17.580  5.000  4.957  -10.663
17.590  5.000  5.018  -10.927
17.600  5.000  5.036  -11.146
17.610  5.000  4.958  -11.268
17.620  5.000  5.071  -11.469
17.630  5.000  4.987  -11.893
17.640  5.000  4.939  -12.347
17.650  5.000  4.960  -12.588
17.660  5.000  4.859  -12.693
17.670  5.000  5.149  -12.921
17.680  5.000  4.878  -13.273
17.690  5.000  5.092  -13.492
17.700  5.000  4.883  -13.500
17.710  5.000  5.067  -13.571
17.720  5.000  4.944  -13.945
17.730  5.000  5.111  -14.417
17.740  5.000  4.993  -14.799
17.750  5.000  5.159  -15.115
17.760  5.000  4.925  -15.492
17.770  5.000  5.088  -15.888
17.780  5.000  4.988  -16.203
17.790  5.000  5.077  -16.449
17.800  5.000  4.912  -16.655
17.810  5.000  4.982  -16.883
17.820  5.000  4.979  -17.053
17.830  5.000  4.947  -17.116
17.840  5.000  4.947  -17.192
17.850  5.000  4.930  -17.303
17.860  5.000  4.952  -17.395
17.870  5.000  4.935  -17.612
17.880  5.000  4.871  -17.932
17.890  5.000  5.043  -18.151
17.900  5.000  5.035  -18.418
17.910  5.000  4.811  -18.551
17.920  5.000  4.925  -18.325
17.930  5.000  5.077  -18.109
17.940  5.000  5.030  -18.108
17.950  5.000  5.025  -18.204
17.960  5.000  5.020  -18.134
17.970  5.000  4.889  -17.855
17.980  5.000  5.040  -17.775
17.990  5.000  5.003  -17.670
18.000  5.000  5.051  -17.494
18.010  5.000  5.032  -17.542
18.020  5.000  5.042  -17.665
18.030  5.000  5.004  -17.765
18.040  5.000  4.966  -17.725
18.050  5.000  5.090  -17.679
18.060  5.000  5.020  -17.836
18.070  5.000  4.984  -18.033
18.080  5.000  4.989  -18.195
18.090  5.000  4.972  -18.392
18.100  5.000  5.045  -18.557
18.110  5.000  5.109  -18.744
18.120  5.000  4.959  -18.699
18.130  5.000  5.003  -18.423
18.140  5.000  5.084  -18.225
18.150  5.000  4.946  -18.167
18.160  5.000  5.038  -18.352
18.170  5.000  5.001  -18.697
18.180  5.000  5.087  -18.985
18.190  5.000  5.142  -19.282
18.200  5.000  5.178  -19.767
18.210  5.000  4.990  -20.220
18.220  5.000  5.008  -20.516
18.230  5.000  5.016  -20.807
18.240  5.000  5.019  -21.100
18.250  5.000  5.098  -21.358
18.260  5.000  4.874  -21.696
18.270  5.000  4.891  -22.181
18.280  5.000  4.885  -22.790
18.290  5.000  5.021  -23.433
18.300  5.000  4.986  -23.846
18.310  5.000  4.924  -23.926
18.320  5.000  5.034  -23.911
18.330  5.000  4.904  -24.012
18.340  5.000  4.906  -24.136
18.350  5.000  4.911  -24.232
18.360  5.000  4.836  -24.183
18.370  5.000  4.887  -23.781
18.380  5.000  4.845  -23.397
18.390  5.000  4.901  -23.295
18.400  5.000  4.920  -23.319
18.410  5.000  5.169  -23.548
18.420  5.000  5.055  -23.793
18.430  5.000  5.080  -23.962
18.440  6.500  4.906  -23.900
18.450  8.000  4.996  -23.496
18.460  9.500  5.277  -22.741
18.470  11.000  6.938  -21.143
18.480  12.500  8.868  -18.210
18.490  14.000  11.630  -13.657
18.500  15.500  14.773  -7.788
18.510  17.000  17.135  -1.105
18.520  18.500  18.127  6.081
18.530  20.000  18.631  13.708
18.540  20.000  20.027  21.183
18.550  20.000  21.433  28.583
18.560  20.000  21.120  36.571
18.570  20.000  19.739  44.346
18.580  20.000  18.889  51.368
18.590  20.000  19.682  58.371
18.600  20.000  20.667  66.133
18.610  20.000  20.787  73.765
18.620  20.000  20.432  80.864
18.630  20.000  19.794  87.839
18.640  20.000  19.628  94.527
18.650  20.000  20.150  101.230
18.660  20.000  20.903  107.876
18.670  20.000  21.248  114.046
18.680  20.000  20.314  119.988
18.690  20.000  19.272  125.696
18.700  20.000  19.581  130.933
18.710  20.000  20.237  136.339
18.720  20.000  21.476  141.936
18.730  20.000  21.026  147.281
18.740  20.000  19.822  152.334
18.750  20.000  19.505  156.907
18.760  20.000  19.324  161.512
18.770  20.000  20.310  166.330
18.780  20.000  21.057  171.310
18.790  20.000  20.942  176.050
18.800  20.000  19.349  180.168
18.810  20.000  19.818  184.091
18.820  20.000  20.248  188.015
18.830  20.000  20.580  191.913
18.840  20.000  19.914  195.681
18.850  20.000  20.343  199.400
18.860  20.000  19.897  202.969
18.870  20.000  20.456  206.288
18.880  20.000  20.222  209.595
18.890  20.000  20.281  212.985
18.900  20.000  20.138  216.273
18.910  20.000  20.415  219.246
18.920  20.000  20.000  221.825
18.930  20.000  20.241  224.335
18.940  20.000  20.079  226.836
18.950  20.000  19.977  229.242
18.960  20.000  20.136  231.573
18.970  20.000  19.907  233.827
18.980  20.000  20.167  236.063
18.990  20.000  20.331  238.061
19.000  20.000  20.057  239.952
19.010  20.000  20.282  241.783
19.020  20.000  20.012  243.522
19.030  20.000  19.881  245.233
19.040  20.000  20.005  246.757
19.050  20.000  20.051  248.208
19.060  20.000  20.312  249.593
19.070  20.000  20.509  250.843
19.080  20.000  20.252  252.170
19.090  20.000  20.529  253.589
19.100  20.000  20.372  255.007
19.110  20.000  20.501  256.299
19.120  20.000  20.132  257.318
19.130  20.000  20.265  258.084
19.140  20.000  20.506  258.572
19.150  20.000  20.109  258.942
19.160  20.000  20.224  259.146
19.170  20.000  20.084  259.278
19.180  20.000  20.066  259.370
19.190  20.000  20.007  259.349
19.200  20.000  20.155  259.161
19.210  20.000  20.254  258.675
19.220  20.000  19.997  258.104
19.230  20.000  20.015  257.597
19.240  20.000  19.824  257.130
19.250  20.000  20.166  256.740
19.260  20.000  19.602  256.405
19.270  20.000  19.799  256.141
19.280  20.000  19.896  256.021
19.290  20.000  19.616  256.130
19.300  20.000  20.004  256.327
19.310  20.000  19.747  256.614
19.320  20.000  19.891  257.085
19.330  20.000  19.970  257.622
19.340  20.000  19.932  258.257
19.350  20.000  19.965  258.879
19.360  20.000  20.159  259.470
19.370  20.000  19.994  260.193
19.380  20.000  20.095  261.015
19.390  20.000  19.832  261.891
19.400  20.000  20.302  262.576
19.410  20.000  20.057  263.101
19.420  20.000  20.288  263.564
19.430  20.000  20.237  263.734
19.440  5.000  20.037  263.894
19.450  5.000  19.410  263.837
19.460  5.000  16.888  262.040
19.470  5.000  12.100  257.117
19.480  5.000  10.349  250.069
19.490  5.000  9.633  242.834
19.500  5.000  9.630  236.286
19.510  5.000  9.408  230.309
19.520  5.000  9.150  223.790
19.530  5.000  8.994  216.660
19.540  5.000  8.797  209.596
19.550  5.000  8.579  203.201
19.560  5.000  8.376  196.982
19.570  5.000  8.237  190.503
19.580  5.000  8.128  184.056
19.590  5.000  8.056  178.143
19.600  5.000  7.639  172.409
19.610  5.000  7.387  166.904
19.620  5.000  7.456  161.798
19.630  5.000  7.237  156.517
19.640  5.000  7.028  151.515
19.650  5.000  6.856  146.171
19.660  5.000  6.818  140.251
19.670  5.000  6.642  134.769
19.680  5.000  6.549  129.934
19.690  5.000  6.340  124.722
19.700  5.000  6.173  119.352
19.710  5.000  6.032  114.455
19.720  5.000  6.008  109.913
19.730  5.000  5.737  105.428
19.740  5.000  5.614  100.542
19.750  5.000  5.482  95.769
19.760  5.000  5.396  91.347
19.770  5.000  5.250  86.914
19.780  5.000  5.082  82.626
19.790  5.000  4.905  78.089
19.800  5.000  4.849  73.558
19.810  5.000  4.752  69.391
19.820  5.000  4.623  64.735
19.830  5.000  4.494  60.232
19.840  5.000  4.567  56.460
19.850  5.000  4.317  52.500
19.860  5.000  4.365  48.690
19.870  5.000  4.150  44.764
19.880  5.000  4.143  40.242
19.890  5.000  4.043  36.234
19.900  5.000  4.008  32.407
19.910  5.000  4.098  28.620
19.920  5.000  3.779  24.793
19.930  5.000  3.793  20.391
19.940  5.000  3.915  16.683
19.950  5.000  4.065  13.813
19.960  5.000  4.047  11.004
19.970  5.000  3.961  8.297
19.980  5.000  3.886  5.843
19.990  5.000  3.864  3.557
20.000  5.000  4.008  1.565
20.010  5.000  4.235  -0.097
20.020  5.000  4.322  -1.790
20.030  5.000  4.386  -3.465
20.040  5.000  4.198  -4.995
20.050  5.000  4.273  -6.480
20.060  5.000  4.169  -7.997
20.070  5.000  4.280  -9.398
20.080  5.000  4.480  -10.590
20.090  5.000  4.722  -11.383
20.100  5.000  4.732  -11.721
20.110  5.000  4.663  -11.917
20.120  5.000  4.819  -12.064
20.130  5.000  4.924  -11.970
20.140  5.000  4.638  -11.615
20.150  5.000  4.779  -11.244
20.160  5.000  4.835  -10.940
20.170  5.000  4.882  -10.694
20.180  5.000  4.921  -10.435
20.190  5.000  4.901  -10.133
20.200  5.000  4.841  -9.773
20.210  5.000  5.090  -9.539
20.220  5.000  4.928  -9.502
20.230  5.000  4.941  -9.454
20.240  5.000  4.998  -9.352
20.250  5.000  4.866  -9.151
20.260  5.000  5.022  -8.896
20.270  5.000  5.107  -8.667
20.280  5.000  5.055  -8.571
20.290  5.000  5.115  -8.491
20.300  5.000  5.175  -8.411
20.310  5.000  5.060  -8.258
20.320  5.000  5.311  -7.999
20.330  5.000  5.084  -7.781
20.340  5.000  5.158  -7.585
20.350  5.000  5.051  -7.406
20.360  5.000  5.170  -7.224
20.370  5.000  5.094  -7.088
20.380  5.000  5.111  -7.152
20.390  5.000  5.023  -7.414
20.400  5.000  5.157  -7.748
20.410  5.000  4.972  -7.922
20.420  5.000  5.073  -7.946
20.430  5.000  5.065  -8.201
20.440  5.000  4.973  -8.435
20.450  5.000  5.068  -8.420
20.460  5.000  5.008  -8.392
20.470  5.000  4.985  -8.337
20.480  5.000  5.089  -8.318
20.490  5.000  4.895  -8.394
20.500  5.000  5.046  -8.500
20.510  5.000  4.829  -8.755
20.520  5.000  5.046  -9.028
20.530  5.000  4.899  -9.272
20.540  5.000  4.823  -9.340
20.550  5.000  4.753  -8.822
20.560  5.000  4.892  -8.154
20.570  5.000  4.759  -7.607
20.580  5.000  4.924  -7.087
20.590  5.000  4.892  -6.501
20.600  5.000  5.074  -6.132
20.610  5.000  4.944  -6.196
20.620  5.000  5.007  -6.422
20.630  5.000  4.967  -6.640
20.640  5.000  5.004  -6.583
20.650  5.000  4.941  -6.445
20.660  5.000  4.943  -6.331
20.670  5.000  5.053  -6.144
20.680  5.000  4.922  -5.939
20.690  5.000  5.008  -5.839
20.700  5.000  5.039  -5.585
20.710  5.000  4.994  -5.149
20.720  5.000  5.061  -4.765
20.730  5.000  4.950  -4.389
20.740  5.000  5.030  -4.203
20.750  5.000  5.016  -4.230
20.760  5.000  5.013  -4.264
20.770  5.000  5.097  -4.205
20.780  5.000  5.099  -4.037
20.790  5.000  5.084  -3.745
20.800  5.000  4.967  -3.534
20.810  5.000  5.005  -3.463
20.820  5.000  5.139  -3.416
20.830  5.000  5.061  -3.125
20.840  5.000  4.897  -2.639
20.850  5.000  4.949  -2.333
20.860  5.000  5.186  -2.099
20.870  5.000  5.125  -1.985
20.880  5.000  4.952  -2.021
20.890  5.000  5.071  -2.015
20.900  5.000  5.225  -2.156
20.910  5.000  4.881  -2.348
20.920  5.000  4.883  -2.220
20.930  5.000  4.943  -2.079
20.940  5.000  5.089  -2.150
20.950  5.000  4.900  -2.182
20.960  5.000  4.974  -2.079
20.970  5.000  4.976  -1.791
20.980  5.000  5.007  -1.399
20.990  5.000  5.007  -1.162
21.000  5.000  4.913  -1.087
21.010  5.000  4.898  -0.879
21.020  5.000  5.027  -0.433
21.030  5.000  5.092  -0.195
21.040  5.000  5.080  -0.403
21.050  5.000  4.929  -0.549
21.060  5.000  5.026  -0.239
21.070  5.000  5.060  0.155
21.080  5.000  5.085  0.213
21.090  5.000  5.027  0.115
21.100  5.000  4.956  0.156
21.110  5.000  5.025  0.290
21.120  5.000  4.935  0.421
21.130  5.000  5.065  0.510
21.140  5.000  4.978  0.610
21.150  5.000  5.005  0.865
21.160  5.000  4.999  0.981
21.170  5.000  4.978  0.866
21.180  5.000  5.020  0.868
21.190  5.000  5.010  0.951
21.200  5.000  5.086  0.897
21.210  5.000  4.943  0.800
21.220  5.000  5.036  0.729
21.230  5.000  4.994  0.672
21.240  5.000  5.157  0.536
21.250  5.000  5.097  0.269
21.260  5.000  4.874  0.264
21.270  5.000  4.993  0.539
21.280  5.000  4.877  0.734
21.290  5.000  4.876  0.735
21.300  5.000  4.974  0.616
21.310  5.000  4.870  0.558
21.320  5.000  5.163  0.632
21.330  5.000  5.013  0.661
21.340  5.000  4.908  0.535
21.350  5.000  4.994  0.507
21.360  5.000  4.841  0.628
21.370  5.000  4.990  0.795
21.380  5.000  4.968  0.909
21.390  5.000  4.917  0.943
21.400  5.000  4.942  1.008
21.410  5.000  4.989  0.914
21.420  5.000  5.043  0.743
21.430  5.000  5.064  0.659
21.440  5.000  4.957  0.797
21.450  6.500  4.944  1.118
21.460  8.000  5.143  1.427
21.470  9.500  5.106  2.156
21.480  11.000  6.843  3.650
21.490  12.500  8.602  6.228
21.500  14.000  11.630  10.596
21.510  15.500  14.225  16.744
21.520  17.000  17.459  23.649
21.530  18.500  18.312  30.816
21.540  20.000  19.283  38.386
21.550  20.000  19.789  45.839
21.560  20.000  21.111  52.711
21.570  20.000  21.003  59.913
21.580  20.000  19.591  67.478
21.590  20.000  18.656  74.731
21.600  20.000  20.244  81.690
21.610  20.000  20.888  88.740
21.620  20.000  21.125  95.657
21.630  20.000  20.201  102.081
21.640  20.000  19.705  108.672
21.650  20.000  19.914  115.090
21.660  20.000  19.984  121.239
21.670  20.000  20.524  127.495
21.680  20.000  20.624  133.717
21.690  20.000  20.987  139.561
21.700  20.000  20.588  144.788
21.710  20.000  19.530  149.862
21.720  20.000  19.565  155.134
21.730  20.000  20.133  160.203
21.740  20.000  20.263  165.231
21.750  20.000  20.406  170.217
21.760  20.000  19.928  175.265
21.770  20.000  20.407  180.489
21.780  20.000  20.937  185.459
21.790  20.000  20.273  190.139
21.800  20.000  19.659  194.285
21.810  20.000  19.908  198.140
21.820  20.000  20.087  202.273
21.830  20.000  20.250  206.657
21.840  20.000  20.237  210.878
21.850  20.000  20.027  214.646
21.860  20.000  20.459  218.159
21.870  20.000  19.931  221.678
21.880  20.000  20.709  225.121
21.890  20.000  19.761  228.622
21.900  20.000  20.242  232.183
21.910  20.000  20.479  235.530
21.920  20.000  20.224  238.837
21.930  20.000  20.255  241.948
21.940  20.000  20.128  244.664
21.950  20.000  20.130  247.009
21.960  20.000  20.505  248.969
21.970  20.000  19.960  250.846
21.980  20.000  19.844  252.721
21.990  20.000  20.029  254.675
22.000  20.000  20.001  256.649
22.010  20.000  20.022  258.571
22.020  20.000  20.174  260.621
22.030  20.000  20.653  262.429
22.040  20.000  20.067  263.816
22.050  20.000  20.036  265.000
22.060  20.000  20.092  266.171
22.070  20.000  20.037  267.517
22.080  20.000  20.287  268.767
22.090  20.000  19.971  269.750
22.100  20.000  20.392  270.657
22.110  20.000  20.396  271.673
22.120  20.000  20.351  272.816
22.130  20.000  20.463  273.990
