# covent_pc_8
# Captured 2020-06-18 14:23:11.528819 by unknown user
# Built at revision 65ecf17 (dirty)
time(sec)  pc_setpoint  pressure  volume
0.000  10.000  10.096  4.027
0.010  10.000  9.740  3.519
0.020  10.000  9.838  3.239
0.030  10.000  9.655  3.106
0.040  10.000  9.990  3.189
0.050  10.000  9.839  3.273
0.060  10.000  9.989  3.459
0.070  10.000  9.853  3.700
0.080  10.000  9.841  3.907
0.090  10.000  10.134  4.099
0.100  10.000  10.038  4.489
0.110  10.000  10.151  5.045
0.120  10.000  10.088  5.590
0.130  10.000  10.216  5.851
0.140  10.000  10.040  5.891
0.150  10.000  10.130  5.925
0.160  10.000  10.023  5.624
0.170  10.000  10.059  5.282
0.180  10.000  9.979  5.080
0.190  10.000  10.188  5.012
0.200  10.000  10.122  4.906
0.210  10.000  10.123  4.516
0.220  10.000  9.864  4.146
0.230  10.000  9.762  3.842
0.240  10.000  9.832  3.546
0.250  10.000  9.895  3.401
0.260  10.000  9.964  3.364
0.270  10.000  9.950  3.403
0.280  10.000  9.858  3.454
0.290  10.000  9.921  3.428
0.300  10.000  10.005  3.475
0.310  10.000  10.074  3.619
0.320  10.000  10.213  3.698
0.330  10.000  9.959  3.668
0.340  10.000  9.985  3.638
0.350  10.000  10.070  3.721
0.360  10.000  9.974  3.958
0.370  10.000  9.976  4.166
0.380  10.000  10.019  4.253
0.390  10.000  10.011  4.424
0.400  10.000  10.068  4.663
0.410  10.000  10.129  4.742
0.420  10.000  9.936  4.631
0.430  10.000  10.188  4.547
0.440  10.000  10.107  4.511
0.450  10.000  10.131  4.290
0.460  10.000  10.038  3.903
0.470  10.000  9.970  3.543
0.480  10.000  9.883  3.157
0.490  10.000  9.883  2.806
0.500  10.000  9.758  2.615
0.510  10.000  9.899  2.629
0.520  10.000  9.803  2.792
0.530  12.500  10.035  2.874
0.540  15.000  10.294  3.115
0.550  17.500  10.996  4.340
0.560  20.000  14.166  7.109
0.570  22.500  17.162  11.534
0.580  25.000  20.757  17.600
0.590  27.500  23.616  24.920
0.600  30.000  26.597  33.200
0.610  32.500  28.476  41.541
0.620  35.000  29.045  49.567
0.630  35.000  28.873  57.895
0.640  35.000  29.865  66.138
0.650  35.000  30.361  73.833
0.660  35.000  30.880  81.193
0.670  35.000  31.416  88.534
0.680  35.000  31.737  96.001
0.690  35.000  32.990  102.846
0.700  35.000  32.438  109.146
0.710  35.000  33.221  115.920
0.720  35.000  33.605  122.786
0.730  35.000  33.797  129.452
0.740  35.000  34.464  135.560
0.750  35.000  34.811  141.298
0.760  35.000  35.086  147.551
0.770  35.000  35.459  153.484
0.780  35.000  35.730  159.069
0.790  35.000  36.328  164.611
0.800  35.000  36.846  169.610
0.810  35.000  36.563  174.504
0.820  35.000  35.657  179.210
0.830  35.000  35.584  183.579
0.840  35.000  36.531  187.408
0.850  35.000  36.304  190.925
0.860  35.000  36.154  194.549
0.870  35.000  35.905  198.023
0.880  35.000  36.002  201.263
0.890  35.000  35.601  204.231
0.900  35.000  35.409  206.827
0.910  35.000  35.777  208.818
0.920  35.000  35.517  210.444
0.930  35.000  35.151  211.835
0.940  35.000  35.155  212.632
0.950  35.000  34.122  212.540
0.960  35.000  34.761  211.666
0.970  35.000  34.443  210.369
0.980  35.000  35.052  209.120
0.990  35.000  34.804  208.033
1.000  35.000  34.384  207.122
1.010  35.000  34.403  206.797
1.020  35.000  35.137  206.937
1.030  35.000  34.206  207.149
1.040  35.000  34.908  207.376
1.050  35.000  34.842  207.861
1.060  35.000  34.307  208.529
1.070  35.000  35.234  209.127
1.080  35.000  35.068  209.899
1.090  35.000  35.164  210.763
1.100  35.000  35.679  211.316
1.110  35.000  34.769  211.716
1.120  35.000  35.274  212.068
1.130  35.000  34.839  212.274
1.140  35.000  35.516  212.408
1.150  35.000  34.535  212.644
1.160  35.000  35.835  212.942
1.170  35.000  34.598  213.283
1.180  35.000  35.292  213.661
1.190  35.000  35.278  213.645
1.200  35.000  35.259  213.341
1.210  35.000  35.330  213.110
1.220  35.000  34.810  212.945
1.230  35.000  35.135  212.683
1.240  35.000  34.752  212.293
1.250  35.000  35.130  211.841
1.260  35.000  34.454  211.478
1.270  35.000  35.272  211.175
1.280  35.000  34.711  211.003
1.290  35.000  34.781  211.178
1.300  35.000  34.958  211.364
1.310  35.000  34.652  211.606
1.320  35.000  34.940  212.082
1.330  35.000  34.871  212.625
1.340  35.000  35.001  213.131
1.350  35.000  34.988  213.623
1.360  35.000  35.068  214.213
1.370  35.000  34.847  214.871
1.380  35.000  35.064  215.436
1.390  35.000  35.073  215.963
1.400  35.000  34.965  216.494
1.410  35.000  35.371  216.760
1.420  35.000  35.238  216.595
1.430  35.000  35.573  216.240
1.440  35.000  34.393  216.005
1.450  35.000  35.655  215.801
1.460  35.000  34.926  215.485
1.470  35.000  35.092  215.079
1.480  35.000  34.943  214.703
1.490  35.000  35.230  214.146
1.500  35.000  34.859  213.475
1.510  35.000  34.871  213.123
1.520  35.000  35.295  212.882
1.530  10.000  34.716  212.582
1.540  10.000  34.029  211.967
1.550  10.000  31.250  209.822
1.560  10.000  25.531  204.336
1.570  10.000  18.991  195.520
1.580  10.000  16.506  185.703
1.590  10.000  15.907  177.376
1.600  10.000  15.449  169.822
1.610  10.000  14.759  162.026
1.620  10.000  14.150  153.699
1.630  10.000  13.720  145.118
1.640  10.000  13.113  136.926
1.650  10.000  12.598  129.185
1.660  10.000  12.174  121.686
1.670  10.000  11.867  114.307
1.680  10.000  11.306  107.563
1.690  10.000  10.801  101.028
1.700  10.000  10.379  94.615
1.710  10.000  10.037  87.757
1.720  10.000  9.827  80.359
1.730  10.000  9.383  73.415
1.740  10.000  8.886  67.276
1.750  10.000  8.756  60.880
1.760  10.000  8.593  54.068
1.770  10.000  8.286  48.227
1.780  10.000  8.235  43.252
1.790  10.000  8.265  38.465
1.800  10.000  8.091  33.650
1.810  10.000  8.278  28.797
1.820  10.000  8.164  24.429
1.830  10.000  8.136  20.406
1.840  10.000  8.252  16.740
1.850  10.000  8.417  13.460
1.860  10.000  8.250  10.292
1.870  10.000  8.221  7.510
1.880  10.000  8.842  5.604
1.890  10.000  9.758  4.374
1.900  10.000  9.452  3.476
1.910  10.000  9.429  2.785
1.920  10.000  9.328  1.858
1.930  10.000  9.126  0.905
1.940  10.000  9.319  0.361
1.950  10.000  9.609  0.214
1.960  10.000  9.749  0.485
1.970  10.000  9.907  1.090
1.980  10.000  10.021  1.786
1.990  10.000  9.850  2.506
2.000  10.000  10.116  3.307
2.010  10.000  10.282  3.921
2.020  10.000  10.275  4.387
2.030  10.000  10.057  5.025
2.040  10.000  10.303  5.477
2.050  10.000  10.445  5.338
2.060  10.000  10.226  5.033
2.070  10.000  10.254  4.766
2.080  10.000  10.266  4.332
2.090  10.000  10.192  3.662
2.100  10.000  9.825  2.932
2.110  10.000  9.850  2.344
2.120  10.000  9.754  1.793
2.130  10.000  9.754  1.303
2.140  10.000  9.724  1.027
2.150  10.000  9.851  0.826
2.160  10.000  9.796  0.577
2.170  10.000  9.688  0.611
2.180  10.000  10.025  0.872
2.190  10.000  9.966  1.134
2.200  10.000  9.856  1.342
2.210  10.000  10.150  1.436
2.220  10.000  10.124  1.469
2.230  10.000  10.019  1.604
2.240  10.000  10.209  1.783
2.250  10.000  10.262  1.762
2.260  10.000  10.086  1.634
2.270  10.000  10.115  1.426
2.280  10.000  10.084  1.050
2.290  10.000  10.015  0.460
2.300  10.000  9.968  -0.053
2.310  10.000  9.930  -0.341
2.320  10.000  10.107  -0.625
2.330  10.000  9.882  -0.995
2.340  10.000  9.936  -1.453
2.350  10.000  9.957  -1.881
2.360  10.000  10.117  -2.214
2.370  10.000  9.727  -2.488
2.380  10.000  9.970  -2.699
2.390  10.000  9.844  -2.869
2.400  10.000  9.972  -3.048
2.410  10.000  9.839  -3.123
2.420  10.000  10.030  -3.067
2.430  10.000  9.846  -2.943
2.440  10.000  9.982  -2.835
2.450  10.000  9.996  -2.756
2.460  10.000  10.027  -2.530
2.470  10.000  10.178  -2.181
2.480  10.000  9.836  -1.662
2.490  10.000  10.211  -1.145
2.500  10.000  10.226  -0.945
2.510  10.000  10.124  -0.921
2.520  10.000  9.985  -1.046
2.530  10.000  10.041  -1.270
2.540  10.000  9.995  -1.393
2.550  10.000  9.892  -1.440
2.560  10.000  10.053  -1.418
2.570  10.000  9.923  -1.450
2.580  10.000  9.921  -1.548
2.590  10.000  10.085  -1.614
2.600  10.000  9.969  -1.611
2.610  10.000  10.018  -1.562
2.620  10.000  9.989  -1.518
2.630  10.000  10.093  -1.463
2.640  10.000  10.060  -1.724
2.650  10.000  10.160  -2.241
2.660  10.000  9.919  -2.724
2.670  10.000  9.984  -3.146
2.680  10.000  9.832  -3.392
2.690  10.000  10.045  -3.539
2.700  10.000  9.850  -3.773
2.710  10.000  9.854  -3.872
2.720  10.000  9.851  -3.785
2.730  10.000  9.856  -3.564
2.740  10.000  9.945  -3.234
2.750  10.000  9.964  -2.972
2.760  10.000  9.977  -2.802
2.770  10.000  10.067  -2.565
2.780  10.000  10.242  -2.207
2.790  10.000  10.119  -1.838
2.800  10.000  10.358  -1.854
2.810  10.000  10.190  -2.248
2.820  10.000  10.064  -2.722
2.830  10.000  10.203  -3.390
2.840  10.000  10.037  -4.120
2.850  10.000  9.904  -4.850
2.860  10.000  9.845  -5.450
2.870  10.000  9.865  -5.836
2.880  10.000  9.804  -6.223
2.890  10.000  9.784  -6.454
2.900  10.000  9.861  -6.386
2.910  10.000  9.839  -6.218
2.920  10.000  9.969  -6.068
2.930  10.000  9.718  -5.940
2.940  10.000  10.114  -5.759
2.950  10.000  10.091  -5.700
2.960  10.000  10.127  -5.885
2.970  10.000  10.094  -6.075
2.980  10.000  9.861  -6.215
2.990  10.000  10.151  -6.222
3.000  10.000  9.916  -5.887
3.010  10.000  10.131  -5.448
3.020  10.000  10.025  -5.221
3.030  10.000  10.099  -5.125
3.040  10.000  10.048  -5.044
3.050  10.000  10.332  -5.021
3.060  10.000  10.024  -5.137
3.070  10.000  10.099  -5.485
3.080  10.000  9.938  -5.723
3.090  10.000  9.992  -5.791
3.100  10.000  9.960  -6.043
3.110  10.000  9.812  -6.326
3.120  10.000  10.149  -6.722
3.130  10.000  10.013  -7.174
3.140  10.000  9.838  -7.391
3.150  10.000  10.002  -7.645
3.160  10.000  9.836  -7.954
3.170  10.000  9.914  -7.974
3.180  10.000  9.849  -7.770
3.190  10.000  9.907  -7.423
3.200  10.000  9.833  -7.006
3.210  10.000  9.994  -6.667
3.220  10.000  10.131  -6.368
3.230  10.000  10.112  -6.079
3.240  10.000  10.040  -5.822
3.250  10.000  10.003  -5.521
3.260  10.000  10.082  -5.294
3.270  10.000  9.968  -5.215
3.280  10.000  10.277  -5.194
3.290  10.000  9.887  -5.333
3.300  10.000  10.054  -5.470
3.310  10.000  9.827  -5.590
3.320  10.000  10.257  -5.745
3.330  10.000  10.037  -5.845
3.340  10.000  9.858  -5.903
3.350  10.000  9.875  -5.933
3.360  10.000  9.971  -6.042
3.370  10.000  10.134  -6.282
3.380  10.000  10.171  -6.616
3.390  10.000  9.957  -7.125
3.400  10.000  9.971  -7.603
3.410  10.000  9.870  -7.842
3.420  10.000  10.022  -7.931
3.430  10.000  9.987  -7.892
3.440  10.000  10.105  -7.792
3.450  10.000  9.914  -7.796
3.460  10.000  10.136  -7.916
3.470  10.000  10.020  -8.094
3.480  10.000  10.135  -8.267
3.490  10.000  9.843  -8.369
3.500  10.000  9.952  -8.523
3.510  10.000  10.037  -8.833
3.520  10.000  9.997  -9.156
3.530  10.000  9.747  -9.338
3.540  12.500  9.876  -9.404
3.550  15.000  10.223  -8.979
3.560  17.500  10.885  -7.614
3.570  20.000  14.387  -4.886
3.580  22.500  16.954  -0.123
3.590  25.000  20.937  6.007
3.600  27.500  23.327  13.146
3.610  30.000  27.217  21.018
3.620  32.500  28.343  29.175
3.630  35.000  29.443  37.577
3.640  35.000  29.863  45.558
3.650  35.000  30.184  53.162
3.660  35.000  30.423  61.033
3.670  35.000  31.523  68.570
3.680  35.000  31.176  75.571
3.690  35.000  32.032  82.623
3.700  35.000  32.098  89.526
3.710  35.000  32.789  96.489
3.720  35.000  32.851  103.366
3.730  35.000  33.674  109.780
3.740  35.000  33.573  116.424
3.750  35.000  34.082  123.439
3.760  35.000  34.671  129.984
3.770  35.000  35.254  136.324
3.780  35.000  35.001  143.741
3.790  35.000  36.048  150.645
3.800  35.000  36.362  156.339
3.810  35.000  36.538  161.926
3.820  35.000  36.751  166.809
3.830  35.000  35.677  171.563
3.840  35.000  35.872  176.049
3.850  35.000  35.573  180.101
3.860  35.000  36.734  183.936
3.870  35.000  36.431  187.696
3.880  35.000  36.251  191.115
3.890  35.000  36.378  193.965
3.900  35.000  35.604  196.666
3.910  35.000  36.002  198.997
3.920  35.000  35.537  201.064
3.930  35.000  35.640  202.813
3.940  35.000  35.519  204.063
3.950  35.000  34.969  205.126
3.960  35.000  35.209  205.803
3.970  35.000  35.150  205.668
3.980  35.000  34.680  204.629
3.990  35.000  34.066  203.135
4.000  35.000  33.901  201.592
4.010  35.000  34.101  200.066
4.020  35.000  34.466  198.841
4.030  35.000  34.494  198.133
4.040  35.000  34.523  197.862
4.050  35.000  34.421  197.892
4.060  35.000  34.582  198.360
4.070  35.000  34.706  199.066
4.080  35.000  35.015  199.732
4.090  35.000  34.692  200.457
4.100  35.000  35.678  201.300
4.110  35.000  34.817  202.069
4.120  35.000  35.274  202.570
4.130  35.000  35.121  202.930
4.140  35.000  35.165  203.333
4.150  35.000  35.259  203.664
4.160  35.000  34.925  203.896
4.170  35.000  35.393  204.169
4.180  35.000  34.989  204.424
4.190  35.000  34.756  204.661
4.200  35.000  35.156  204.844
4.210  35.000  34.937  205.000
4.220  35.000  34.984  205.355
4.230  35.000  34.893  205.807
4.240  35.000  35.307  206.113
4.250  35.000  34.640  206.318
4.260  35.000  35.426  206.464
4.270  35.000  34.744  206.550
4.280  35.000  35.251  206.656
4.290  35.000  34.962  207.016
4.300  35.000  35.316  207.537
4.310  35.000  35.450  207.777
4.320  35.000  35.385  207.628
4.330  35.000  34.671  207.226
4.340  35.000  35.121  206.845
4.350  35.000  35.161  206.547
4.360  35.000  35.277  205.993
4.370  35.000  34.244  205.440
4.380  35.000  35.257  205.059
4.390  35.000  34.489  204.844
4.400  35.000  34.774  204.758
4.410  35.000  34.522  204.714
4.420  35.000  35.401  204.781
4.430  35.000  34.612  204.882
4.440  35.000  35.542  204.998
4.450  35.000  34.447  205.144
4.460  35.000  35.016  205.439
4.470  35.000  34.787  205.898
4.480  35.000  35.095  206.500
4.490  35.000  34.769  207.191
4.500  35.000  35.163  207.718
4.510  35.000  34.918  208.016
4.520  35.000  35.179  208.254
4.530  35.000  35.064  208.496
4.540  10.000  34.932  208.869
4.550  10.000  33.598  209.006
4.560  10.000  31.546  207.677
4.570  10.000  25.871  202.614
4.580  10.000  19.464  194.504
4.590  10.000  16.885  185.754
4.600  10.000  16.173  177.396
4.610  10.000  15.693  169.097
4.620  10.000  14.891  160.364
4.630  10.000  14.404  152.412
4.640  10.000  13.936  144.299
4.650  10.000  13.447  135.672
4.660  10.000  12.880  127.852
4.670  10.000  12.417  120.683
4.680  10.000  11.976  113.592
4.690  10.000  11.369  106.741
4.700  10.000  11.086  100.234
4.710  10.000  10.669  93.322
4.720  10.000  10.254  86.594
4.730  10.000  9.707  79.672
4.740  10.000  9.440  72.700
4.750  10.000  9.179  66.216
4.760  10.000  8.928  59.409
4.770  10.000  8.722  53.137
4.780  10.000  8.446  47.402
4.790  10.000  8.371  41.757
4.800  10.000  8.351  36.656
4.810  10.000  8.062  32.033
4.820  10.000  7.970  27.492
4.830  10.000  8.167  23.161
4.840  10.000  8.052  19.232
4.850  10.000  8.152  15.479
4.860  10.000  8.461  12.061
4.870  10.000  8.426  9.006
4.880  10.000  8.389  6.101
4.890  10.000  8.607  3.754
4.900  10.000  9.552  2.181
4.910  10.000  9.515  1.048
4.920  10.000  9.420  -0.095
4.930  10.000  9.330  -1.313
4.940  10.000  9.066  -2.217
4.950  10.000  9.126  -2.654
4.960  10.000  9.495  -2.739
4.970  10.000  9.516  -2.497
4.980  10.000  9.693  -1.982
4.990  10.000  9.792  -1.209
5.000  10.000  9.977  -0.109
5.010  10.000  10.161  1.039
5.020  10.000  10.280  1.981
5.030  10.000  10.274  2.922
5.040  10.000  10.437  3.788
5.050  10.000  10.457  4.324
5.060  10.000  10.485  4.495
5.070  10.000  10.361  4.321
5.080  10.000  10.379  3.891
5.090  10.000  10.323  3.338
5.100  10.000  9.991  2.682
5.110  10.000  9.873  1.883
5.120  10.000  9.717  1.122
5.130  10.000  9.783  0.534
5.140  10.000  9.677  0.015
5.150  10.000  9.784  -0.426
5.160  10.000  9.796  -0.664
5.170  10.000  9.621  -0.788
5.180  10.000  9.855  -0.769
5.190  10.000  9.733  -0.336
5.200  10.000  10.013  0.261
5.210  10.000  9.713  0.736
5.220  10.000  10.242  1.131
5.230  10.000  10.091  1.474
5.240  10.000  10.129  2.001
5.250  10.000  10.228  2.558
5.260  10.000  10.119  2.929
5.270  10.000  10.211  3.123
5.280  10.000  10.112  3.111
5.290  10.000  10.101  3.116
5.300  10.000  10.030  3.040
5.310  10.000  10.077  2.693
5.320  10.000  10.001  2.305
5.330  10.000  9.965  2.024
5.340  10.000  9.918  1.718
5.350  10.000  9.783  1.468
5.360  10.000  10.026  1.355
5.370  10.000  9.893  1.344
5.380  10.000  9.922  1.401
5.390  10.000  9.962  1.464
5.400  10.000  9.744  1.624
5.410  10.000  10.092  1.750
5.420  10.000  9.836  1.840
5.430  10.000  9.953  2.148
5.440  10.000  10.180  2.604
5.450  10.000  9.969  3.104
5.460  10.000  9.865  3.661
5.470  10.000  10.126  4.163
5.480  10.000  9.935  4.522
5.490  10.000  10.208  4.726
5.500  10.000  10.116  4.814
5.510  10.000  10.159  4.942
5.520  10.000  10.144  5.002
5.530  10.000  10.139  4.899
5.540  10.000  10.038  4.777
5.550  10.000  10.021  4.417
5.560  10.000  9.984  3.901
5.570  10.000  9.920  3.534
5.580  10.000  10.025  3.165
5.590  10.000  9.923  2.806
5.600  10.000  9.982  2.587
5.610  10.000  9.918  2.383
5.620  10.000  9.918  2.252
5.630  10.000  9.884  2.063
5.640  10.000  9.838  1.730
5.650  10.000  9.895  1.578
5.660  10.000  9.874  1.591
5.670  10.000  9.991  1.617
5.680  10.000  9.800  1.735
5.690  10.000  10.196  1.970
5.700  10.000  10.137  2.119
5.710  10.000  10.049  2.104
5.720  10.000  10.012  2.199
5.730  10.000  10.026  2.411
5.740  10.000  10.095  2.748
5.750  10.000  10.135  3.083
5.760  10.000  10.090  3.119
5.770  10.000  9.999  2.915
5.780  10.000  10.224  2.639
5.790  10.000  10.014  2.237
5.800  10.000  10.029  1.645
5.810  10.000  9.939  1.126
5.820  10.000  9.843  0.868
5.830  10.000  9.716  0.814
5.840  10.000  9.787  0.747
5.850  10.000  9.921  0.693
5.860  10.000  9.967  0.787
5.870  10.000  9.923  0.992
5.880  10.000  10.023  1.176
5.890  10.000  10.120  1.291
5.900  10.000  10.052  1.501
5.910  10.000  10.009  1.634
5.920  10.000  10.215  1.579
5.930  10.000  9.995  1.544
5.940  10.000  10.174  1.490
5.950  10.000  10.091  1.379
5.960  10.000  10.077  1.195
5.970  10.000  10.012  1.050
5.980  10.000  9.887  1.077
5.990  10.000  9.992  1.118
6.000  10.000  10.047  1.161
6.010  10.000  10.139  1.154
6.020  10.000  9.764  1.040
6.030  10.000  9.989  0.842
6.040  10.000  9.857  0.593
6.050  10.000  9.936  0.259
6.060  10.000  9.972  -0.096
6.070  10.000  10.072  -0.213
6.080  10.000  9.779  -0.034
6.090  10.000  9.934  0.326
6.100  10.000  9.966  0.585
6.110  10.000  10.092  0.795
6.120  10.000  10.040  1.026
6.130  10.000  9.935  1.133
6.140  10.000  10.050  1.149
6.150  10.000  9.921  1.125
6.160  10.000  10.141  1.231
6.170  10.000  9.990  1.656
6.180  10.000  9.992  2.057
6.190  10.000  9.976  2.175
6.200  10.000  10.091  2.268
6.210  10.000  10.094  2.420
6.220  10.000  10.126  2.579
6.230  10.000  10.152  2.586
6.240  10.000  9.985  2.449
6.250  10.000  10.246  2.154
6.260  10.000  9.930  1.689
6.270  10.000  9.885  1.344
6.280  10.000  9.938  1.204
6.290  10.000  9.889  1.064
6.300  10.000  9.874  0.948
6.310  10.000  9.942  0.956
6.320  10.000  9.915  0.815
6.330  10.000  10.057  0.512
6.340  10.000  9.954  0.295
6.350  10.000  10.044  0.388
6.360  10.000  9.990  0.542
6.370  10.000  9.949  0.537
6.380  10.000  9.949  0.666
6.390  10.000  10.090  0.923
6.400  10.000  9.810  1.246
6.410  10.000  9.891  1.689
6.420  10.000  10.067  1.979
6.430  10.000  10.029  2.141
6.440  10.000  10.056  2.388
6.450  10.000  9.951  2.618
6.460  10.000  9.948  2.844
6.470  10.000  10.055  3.082
6.480  10.000  10.189  3.141
6.490  10.000  10.023  3.104
6.500  10.000  10.133  3.181
6.510  10.000  10.270  3.223
6.520  10.000  10.111  3.136
6.530  10.000  9.872  2.919
6.540  10.000  10.013  2.533
6.550  12.500  9.851  2.113
6.560  15.000  10.167  2.241
6.570  17.500  11.442  3.062
6.580  20.000  13.835  5.134
6.590  22.500  16.938  9.550
6.600  25.000  20.967  15.742
6.610  27.500  22.767  23.226
6.620  30.000  26.656  31.284
6.630  32.500  27.852  39.529
6.640  35.000  28.885  47.898
6.650  35.000  29.374  55.453
6.660  35.000  29.803  62.600
6.670  35.000  30.528  69.656
6.680  35.000  31.453  76.506
6.690  35.000  31.689  83.413
6.700  35.000  31.802  90.495
6.710  35.000  32.516  97.402
6.720  35.000  32.425  104.146
6.730  35.000  33.388  110.758
6.740  35.000  34.012  116.982
6.750  35.000  34.223  123.305
6.760  35.000  34.881  129.762
6.770  35.000  34.912  136.128
6.780  35.000  35.138  142.450
6.790  35.000  35.182  148.589
6.800  35.000  35.434  154.817
6.810  35.000  36.182  160.753
6.820  35.000  36.489  165.818
6.830  35.000  36.943  170.571
6.840  35.000  35.867  175.264
6.850  35.000  35.555  179.509
6.860  35.000  35.594  183.397
6.870  35.000  36.463  187.167
6.880  35.000  36.576  190.985
6.890  35.000  36.851  194.772
6.900  35.000  36.201  198.051
6.910  35.000  36.024  200.889
6.920  35.000  35.618  203.191
6.930  35.000  35.707  204.847
6.940  35.000  35.793  206.314
6.950  35.000  35.531  207.775
6.960  35.000  35.549  208.767
6.970  35.000  35.285  209.044
6.980  35.000  34.905  208.583
6.990  35.000  33.906  207.333
7.000  35.000  33.710  205.668
7.010  35.000  34.088  204.096
7.020  35.000  33.976  202.841
7.030  35.000  34.429  202.147
7.040  35.000  34.728  202.100
7.050  35.000  34.308  202.358
7.060  35.000  34.919  202.709
7.070  35.000  34.293  203.153
7.080  35.000  35.111  203.626
7.090  35.000  34.660  204.322
7.100  35.000  35.114  205.205
7.110  35.000  35.183  206.174
7.120  35.000  35.061  207.429
7.130  35.000  34.818  208.479
7.140  35.000  35.358  209.354
7.150  35.000  35.162  210.363
7.160  35.000  35.272  211.245
7.170  35.000  35.245  211.846
7.180  35.000  35.343  212.304
7.190  35.000  35.333  212.755
7.200  35.000  35.188  212.907
7.210  35.000  35.328  212.797
7.220  35.000  35.046  212.555
7.230  35.000  35.300  212.216
7.240  35.000  35.190  211.943
7.250  35.000  34.682  211.733
7.260  35.000  35.043  211.407
7.270  35.000  34.910  210.942
7.280  35.000  34.883  210.564
7.290  35.000  34.621  210.365
7.300  35.000  35.215  210.177
7.310  35.000  34.467  210.079
7.320  35.000  35.038  210.254
7.330  35.000  34.906  210.446
7.340  35.000  34.935  210.596
7.350  35.000  35.002  210.757
7.360  35.000  35.095  210.865
7.370  35.000  34.952  210.993
7.380  35.000  34.705  211.258
7.390  35.000  35.170  211.566
7.400  35.000  35.399  211.675
7.410  35.000  34.751  211.789
7.420  35.000  35.011  212.076
7.430  35.000  34.823  212.506
7.440  35.000  35.201  212.913
7.450  35.000  34.857  213.280
7.460  35.000  35.070  213.598
7.470  35.000  34.989  213.758
7.480  35.000  35.203  213.926
7.490  35.000  35.020  214.115
7.500  35.000  35.301  214.259
7.510  35.000  35.050  214.149
7.520  35.000  35.007  213.917
7.530  35.000  34.532  214.119
7.540  35.000  35.043  214.554
7.550  10.000  35.040  214.823
7.560  10.000  34.257  214.770
7.570  10.000  30.977  213.153
7.580  10.000  25.946  207.767
7.590  10.000  19.290  199.591
7.600  10.000  16.703  190.449
7.610  10.000  16.108  181.220
7.620  10.000  15.362  172.932
7.630  10.000  14.947  165.137
7.640  10.000  14.364  157.670
7.650  10.000  13.859  149.795
7.660  10.000  13.414  141.921
7.670  10.000  12.793  134.063
7.680  10.000  12.247  125.754
7.690  10.000  11.957  117.589
7.700  10.000  11.513  110.274
7.710  10.000  11.235  103.716
7.720  10.000  10.643  97.028
7.730  10.000  10.237  90.532
7.740  10.000  9.708  83.582
7.750  10.000  9.442  76.216
7.760  10.000  9.097  69.604
7.770  10.000  8.914  63.640
7.780  10.000  8.737  58.087
7.790  10.000  8.305  52.713
7.800  10.000  8.307  46.738
7.810  10.000  8.181  41.126
7.820  10.000  8.052  36.321
7.830  10.000  8.215  31.493
7.840  10.000  8.209  27.112
7.850  10.000  8.137  23.081
7.860  10.000  8.154  19.343
7.870  10.000  8.477  16.104
7.880  10.000  8.420  12.951
7.890  10.000  8.256  9.911
7.900  10.000  8.461  7.457
7.910  10.000  9.566  5.699
7.920  10.000  9.378  4.504
7.930  10.000  9.229  3.669
7.940  10.000  9.213  2.880
7.950  10.000  9.166  2.345
7.960  10.000  9.454  2.321
7.970  10.000  9.616  2.667
7.980  10.000  9.752  3.094
7.990  10.000  9.966  3.674
8.000  10.000  9.948  4.402
8.010  10.000  10.012  5.052
8.020  10.000  10.190  5.621
8.030  10.000  10.337  6.250
8.040  10.000  10.390  6.920
8.050  10.000  10.225  7.279
8.060  10.000  10.294  7.337
8.070  10.000  10.406  7.074
8.080  10.000  10.131  6.657
8.090  10.000  10.133  6.243
8.100  10.000  10.072  5.747
8.110  10.000  10.012  5.158
8.120  10.000  10.002  4.451
8.130  10.000  9.922  3.657
8.140  10.000  9.867  2.951
8.150  10.000  9.738  2.486
8.160  10.000  9.749  2.138
8.170  10.000  9.610  1.783
8.180  10.000  9.729  1.463
8.190  10.000  9.833  1.430
8.200  10.000  9.964  1.752
8.210  10.000  9.968  2.139
8.220  10.000  9.972  2.524
8.230  10.000  10.081  2.809
8.240  10.000  10.100  2.884
8.250  10.000  10.188  2.793
8.260  10.000  10.193  2.596
8.270  10.000  10.288  2.398
8.280  10.000  10.323  1.994
8.290  10.000  10.036  1.498
8.300  10.000  10.106  0.965
8.310  10.000  10.045  0.192
8.320  10.000  9.896  -0.668
8.330  10.000  9.727  -1.215
8.340  10.000  9.763  -1.454
8.350  10.000  9.802  -1.699
8.360  10.000  9.670  -1.833
8.370  10.000  9.869  -1.694
8.380  10.000  9.820  -1.269
8.390  10.000  9.857  -0.686
8.400  10.000  10.113  -0.079
8.410  10.000  9.994  0.480
8.420  10.000  10.130  0.964
8.430  10.000  10.165  1.391
8.440  10.000  10.242  1.678
8.450  10.000  10.242  1.725
8.460  10.000  10.138  1.631
8.470  10.000  10.088  1.402
8.480  10.000  10.164  0.926
8.490  10.000  10.106  0.298
8.500  10.000  9.845  -0.333
8.510  10.000  10.183  -0.880
8.520  10.000  9.856  -1.339
8.530  10.000  9.927  -1.799
8.540  10.000  9.948  -2.376
8.550  10.000  9.893  -2.862
8.560  10.000  9.855  -3.036
8.570  10.000  9.868  -3.053
8.580  10.000  9.746  -2.872
8.590  10.000  9.795  -2.583
8.600  10.000  9.918  -2.405
8.610  10.000  9.950  -2.275
8.620  10.000  9.937  -2.027
8.630  10.000  9.863  -1.538
8.640  10.000  10.298  -1.096
8.650  10.000  10.258  -0.945
8.660  10.000  10.091  -0.993
8.670  10.000  10.049  -1.003
8.680  10.000  10.150  -0.922
8.690  10.000  10.345  -0.913
8.700  10.000  10.128  -1.143
8.710  10.000  10.109  -1.571
8.720  10.000  10.017  -2.027
8.730  10.000  9.869  -2.564
8.740  10.000  9.944  -3.157
8.750  10.000  9.877  -3.647
8.760  10.000  9.903  -3.957
8.770  10.000  9.969  -4.282
8.780  10.000  9.850  -4.557
8.790  10.000  9.886  -4.606
8.800  10.000  9.930  -4.522
8.810  10.000  9.724  -4.250
8.820  10.000  9.908  -3.954
8.830  10.000  9.925  -3.655
8.840  10.000  10.151  -3.215
8.850  10.000  10.020  -2.951
8.860  10.000  10.050  -2.826
8.870  10.000  9.866  -2.564
8.880  10.000  10.277  -2.222
8.890  10.000  9.976  -1.849
8.900  10.000  10.010  -1.598
8.910  10.000  10.049  -1.555
8.920  10.000  10.178  -1.569
8.930  10.000  10.105  -1.605
8.940  10.000  10.205  -1.748
8.950  10.000  10.147  -2.031
8.960  10.000  10.041  -2.445
8.970  10.000  10.186  -2.907
8.980  10.000  10.019  -3.472
8.990  10.000  10.056  -4.097
9.000  10.000  9.701  -4.617
9.010  10.000  9.899  -5.154
9.020  10.000  9.782  -5.643
9.030  10.000  9.945  -6.053
9.040  10.000  9.864  -6.459
9.050  10.000  9.720  -6.769
9.060  10.000  9.837  -6.809
9.070  10.000  9.997  -6.589
9.080  10.000  9.793  -6.194
9.090  10.000  10.081  -5.712
9.100  10.000  9.897  -5.093
9.110  10.000  9.936  -4.327
9.120  10.000  10.230  -3.756
9.130  10.000  10.290  -3.532
9.140  10.000  10.166  -3.359
9.150  10.000  10.072  -3.257
9.160  10.000  10.213  -3.408
9.170  10.000  10.180  -3.594
9.180  10.000  10.225  -3.827
9.190  10.000  10.056  -4.304
9.200  10.000  9.883  -4.834
9.210  10.000  9.906  -5.291
9.220  10.000  9.833  -5.731
9.230  10.000  9.859  -6.159
9.240  10.000  9.775  -6.625
9.250  10.000  9.871  -6.844
9.260  10.000  9.909  -6.634
9.270  10.000  9.746  -6.147
9.280  10.000  9.872  -5.538
9.290  10.000  10.172  -4.975
9.300  10.000  10.262  -4.572
9.310  10.000  10.018  -4.346
9.320  10.000  10.266  -4.416
9.330  10.000  9.932  -4.471
9.340  10.000  10.172  -4.405
9.350  10.000  9.932  -4.410
9.360  10.000  10.168  -4.484
9.370  10.000  10.049  -4.678
9.380  10.000  10.156  -4.931
9.390  10.000  9.889  -5.156
9.400  10.000  9.980  -5.440
9.410  10.000  9.846  -5.844
9.420  10.000  10.170  -6.287
9.430  10.000  9.778  -6.743
9.440  10.000  9.914  -7.077
9.450  10.000  9.921  -7.163
9.460  10.000  9.805  -7.115
9.470  10.000  9.832  -7.180
9.480  10.000  9.952  -7.236
9.490  10.000  10.086  -7.187
9.500  10.000  10.015  -7.131
9.510  10.000  10.004  -6.976
9.520  10.000  10.124  -6.875
9.530  10.000  10.117  -6.792
9.540  10.000  10.039  -6.735
9.550  10.000  9.954  -6.741
9.560  12.500  10.282  -6.784
9.570  15.000  10.423  -6.564
9.580  17.500  11.267  -5.664
9.590  20.000  13.813  -3.478
9.600  22.500  17.286  0.701
9.610  25.000  21.031  6.597
9.620  27.500  23.524  13.461
9.630  30.000  26.438  21.242
9.640  32.500  28.056  30.268
9.650  35.000  29.183  38.832
9.660  35.000  29.737  46.533
9.670  35.000  30.183  54.734
9.680  35.000  30.521  63.090
9.690  35.000  30.832  70.949
9.700  35.000  30.684  79.054
9.710  35.000  32.073  87.038
9.720  35.000  32.121  94.613
9.730  35.000  33.042  102.050
9.740  35.000  32.929  108.892
9.750  35.000  33.592  115.530
9.760  35.000  34.452  122.004
9.770  35.000  34.694  128.193
9.780  35.000  34.490  134.221
9.790  35.000  35.650  140.256
9.800  35.000  34.745  147.801
9.810  35.000  36.485  154.975
9.820  35.000  35.463  160.590
9.830  35.000  36.370  166.055
9.840  35.000  36.854  171.011
9.850  35.000  36.483  175.558
9.860  35.000  35.169  179.604
9.870  35.000  35.759  183.659
9.880  35.000  35.725  187.939
9.890  35.000  35.978  192.080
9.900  35.000  36.460  195.856
9.910  35.000  36.713  199.274
9.920  35.000  36.369  202.146
9.930  35.000  35.467  204.696
9.940  35.000  35.220  206.955
9.950  35.000  35.095  208.752
9.960  35.000  35.814  210.140
9.970  35.000  34.992  211.142
9.980  35.000  35.314  211.636
9.990  35.000  35.071  211.248
10.000  35.000  34.250  210.073
10.010  35.000  34.563  208.582
10.020  35.000  34.154  207.109
10.030  35.000  34.553  205.940
10.040  35.000  34.724  205.239
10.050  35.000  34.861  204.868
10.060  35.000  34.463  204.839
10.070  35.000  34.642  205.110
10.080  35.000  34.530  205.415
10.090  35.000  34.940  205.739
10.100  35.000  34.514  206.197
10.110  35.000  35.061  206.835
10.120  35.000  35.071  207.533
10.130  35.000  35.045  208.102
10.140  35.000  34.859  208.721
10.150  35.000  35.140  209.577
10.160  35.000  35.187  210.418
10.170  35.000  35.173  211.102
10.180  35.000  35.100  211.694
10.190  35.000  35.430  212.107
10.200  35.000  34.977  212.458
10.210  35.000  35.339  212.806
10.220  35.000  34.983  213.147
10.230  35.000  35.436  213.422
10.240  35.000  34.783  213.551
10.250  35.000  35.499  213.600
10.260  35.000  34.685  213.561
10.270  35.000  35.632  213.493
10.280  35.000  34.243  213.445
10.290  35.000  35.264  213.365
10.300  35.000  34.658  213.367
10.310  35.000  34.831  213.484
10.320  35.000  35.002  213.588
10.330  35.000  34.891  213.847
10.340  35.000  35.499  214.165
10.350  35.000  34.692  214.358
10.360  35.000  35.716  214.410
10.370  35.000  34.459  214.327
10.380  35.000  35.793  214.032
10.390  35.000  34.448  213.650
10.400  35.000  35.133  213.223
10.410  35.000  34.958  212.782
10.420  35.000  34.649  212.679
10.430  35.000  35.224  212.765
10.440  35.000  34.519  212.914
10.450  35.000  35.069  213.044
10.460  35.000  34.487  213.180
10.470  35.000  35.126  213.580
10.480  35.000  34.915  213.994
10.490  35.000  35.227  214.265
10.500  35.000  34.884  214.639
10.510  35.000  35.051  215.014
10.520  35.000  35.343  215.219
10.530  35.000  34.855  215.489
10.540  35.000  34.907  215.829
10.550  35.000  35.007  216.003
10.560  10.000  34.972  216.068
10.570  10.000  34.415  215.888
10.580  10.000  31.141  214.265
10.590  10.000  25.948  208.733
10.600  10.000  19.276  200.741
10.610  10.000  16.718  192.831
10.620  10.000  16.123  184.647
10.630  10.000  15.580  176.649
10.640  10.000  14.865  169.011
10.650  10.000  14.383  161.593
10.660  10.000  13.890  154.229
10.670  10.000  13.360  146.822
10.680  10.000  12.871  139.591
10.690  10.000  12.393  132.565
10.700  10.000  11.962  125.236
10.710  10.000  11.466  117.950
10.720  10.000  11.084  111.262
10.730  10.000  10.636  104.911
10.740  10.000  10.215  98.541
10.750  10.000  9.716  91.607
10.760  10.000  9.461  84.483
10.770  10.000  9.087  77.909
10.780  10.000  8.902  71.871
10.790  10.000  8.565  65.643
10.800  10.000  8.463  59.478
10.810  10.000  8.351  53.639
10.820  10.000  8.231  48.427
10.830  10.000  8.049  43.966
10.840  10.000  8.012  39.943
10.850  10.000  7.977  36.223
10.860  10.000  7.950  32.225
10.870  10.000  8.218  28.519
10.880  10.000  8.492  25.462
10.890  10.000  8.341  22.508
10.900  10.000  8.271  19.691
10.910  10.000  9.055  17.656
10.920  10.000  9.670  16.430
10.930  10.000  9.535  15.531
10.940  10.000  9.450  14.831
10.950  10.000  9.458  14.138
10.960  10.000  9.248  13.245
10.970  10.000  9.374  12.256
10.980  10.000  9.577  11.631
10.990  10.000  9.595  11.646
11.000  10.000  9.782  12.041
11.010  10.000  9.685  12.582
11.020  10.000  9.868  13.144
11.030  10.000  10.006  13.827
11.040  10.000  10.150  14.512
11.050  10.000  10.209  15.123
11.060  10.000  10.297  15.647
11.070  10.000  10.309  15.956
11.080  10.000  10.248  16.217
11.090  10.000  10.376  16.430
11.100  10.000  10.298  16.367
11.110  10.000  10.293  15.843
11.120  10.000  10.247  15.048
11.130  10.000  9.965  14.228
11.140  10.000  9.860  13.377
11.150  10.000  9.703  12.610
11.160  10.000  9.753  11.997
11.170  10.000  9.660  11.580
11.180  10.000  9.913  11.290
11.190  10.000  9.703  11.118
11.200  10.000  9.693  11.087
11.210  10.000  9.909  11.204
11.220  10.000  9.805  11.551
11.230  10.000  10.032  11.964
11.240  10.000  9.836  12.495
11.250  10.000  10.018  13.059
11.260  10.000  10.065  13.429
11.270  10.000  10.322  13.780
11.280  10.000  10.253  14.273
11.290  10.000  10.353  14.619
11.300  10.000  10.237  14.659
11.310  10.000  9.939  14.652
11.320  10.000  10.159  14.567
11.330  10.000  10.175  14.216
11.340  10.000  10.025  13.809
11.350  10.000  10.056  13.502
11.360  10.000  9.819  13.155
11.370  10.000  10.042  12.706
11.380  10.000  9.757  12.288
11.390  10.000  9.764  11.969
11.400  10.000  9.884  11.696
11.410  10.000  9.899  11.623
11.420  10.000  9.800  11.780
11.430  10.000  9.786  11.950
11.440  10.000  10.087  12.002
11.450  10.000  9.869  12.201
11.460  10.000  10.130  12.413
11.470  10.000  9.903  12.456
11.480  10.000  10.078  12.572
11.490  10.000  10.069  12.715
11.500  10.000  10.109  12.874
11.510  10.000  10.000  13.063
11.520  10.000  10.152  13.175
11.530  10.000  10.048  13.211
11.540  10.000  10.174  13.074
11.550  10.000  10.200  12.718
11.560  10.000  10.089  12.321
11.570  10.000  10.078  11.970
11.580  10.000  10.060  11.504
11.590  10.000  9.883  10.999
11.600  10.000  10.106  10.556
11.610  10.000  9.758  10.109
11.620  10.000  9.814  9.787
11.630  10.000  9.922  9.504
11.640  10.000  9.979  9.092
11.650  10.000  9.871  8.846
11.660  10.000  10.024  8.865
11.670  10.000  9.945  8.784
11.680  10.000  10.002  8.665
11.690  10.000  9.850  8.681
11.700  10.000  9.882  8.950
11.710  10.000  10.127  9.292
11.720  10.000  9.883  9.577
11.730  10.000  10.003  9.988
11.740  10.000  9.904  10.418
11.750  10.000  9.947  10.748
11.760  10.000  10.021  11.115
11.770  10.000  10.141  11.432
11.780  10.000  10.188  11.689
11.790  10.000  10.146  11.952
11.800  10.000  10.156  12.188
11.810  10.000  10.018  12.487
11.820  10.000  9.962  12.741
11.830  10.000  9.961  12.855
11.840  10.000  10.010  12.767
11.850  10.000  10.018  12.464
11.860  10.000  10.006  12.240
11.870  10.000  10.055  12.260
11.880  10.000  9.999  12.353
11.890  10.000  9.988  12.402
11.900  10.000  10.091  12.427
11.910  10.000  9.878  12.353
11.920  10.000  9.992  12.094
11.930  10.000  10.051  11.796
11.940  10.000  9.919  11.569
11.950  10.000  10.004  11.300
11.960  10.000  9.922  11.247
11.970  10.000  9.827  11.559
11.980  10.000  9.901  11.739
11.990  10.000  9.927  11.855
12.000  10.000  9.802  12.274
12.010  10.000  10.020  12.719
12.020  10.000  9.929  13.059
12.030  10.000  10.019  13.419
12.040  10.000  9.908  13.858
12.050  10.000  10.121  14.300
12.060  10.000  10.095  14.621
12.070  10.000  10.128  14.823
12.080  10.000  10.138  14.881
12.090  10.000  10.346  14.897
12.100  10.000  10.045  14.939
12.110  10.000  10.307  14.826
12.120  10.000  9.920  14.571
12.130  10.000  10.111  14.132
12.140  10.000  10.026  13.446
12.150  10.000  9.924  12.891
12.160  10.000  9.966  12.631
12.170  10.000  9.937  12.435
12.180  10.000  9.944  12.199
12.190  10.000  9.737  11.929
12.200  10.000  9.697  11.714
12.210  10.000  9.997  11.644
12.220  10.000  9.779  11.650
12.230  10.000  9.968  11.832
12.240  10.000  9.820  12.182
12.250  10.000  10.110  12.492
12.260  10.000  10.102  12.642
12.270  10.000  10.083  12.787
12.280  10.000  10.169  12.979
12.290  10.000  9.981  13.228
12.300  10.000  10.081  13.520
12.310  10.000  9.966  13.652
12.320  10.000  10.099  13.667
12.330  10.000  10.039  13.620
12.340  10.000  10.221  13.519
12.350  10.000  10.051  13.467
12.360  10.000  9.977  13.436
12.370  10.000  9.983  13.276
12.380  10.000  10.060  12.995
12.390  10.000  9.966  12.785
12.400  10.000  9.831  12.836
12.410  10.000  9.897  12.990
12.420  10.000  9.856  13.065
12.430  10.000  9.900  13.016
12.440  10.000  10.005  12.924
12.450  10.000  10.109  12.945
12.460  10.000  9.904  13.007
12.470  10.000  9.896  13.163
12.480  10.000  9.917  13.390
12.490  10.000  10.066  13.535
12.500  10.000  10.139  13.620
12.510  10.000  10.061  13.663
12.520  10.000  10.110  13.605
12.530  10.000  9.935  13.639
12.540  10.000  10.245  13.625
12.550  10.000  10.028  13.524
12.560  10.000  10.131  13.546
12.570  12.500  9.942  13.576
12.580  15.000  10.131  13.998
12.590  17.500  11.318  14.855
12.600  20.000  13.877  16.961
12.610  22.500  17.094  21.302
12.620  25.000  20.876  27.275
12.630  27.500  23.079  34.534
12.640  30.000  26.473  42.648
12.650  32.500  28.401  50.934
12.660  35.000  29.133  58.946
12.670  35.000  29.546  66.882
12.680  35.000  30.185  74.810
12.690  35.000  30.394  82.848
12.700  35.000  30.525  90.589
12.710  35.000  31.422  97.820
12.720  35.000  31.938  104.997
12.730  35.000  32.200  112.066
12.740  35.000  32.340  119.505
12.750  35.000  33.456  126.482
12.760  35.000  33.674  133.184
12.770  35.000  34.390  139.947
12.780  35.000  34.618  146.503
12.790  35.000  34.722  153.082
12.800  35.000  35.553  159.286
12.810  35.000  35.341  165.836
12.820  35.000  35.779  172.081
12.830  35.000  35.873  177.536
12.840  35.000  36.013  182.996
12.850  35.000  36.550  188.027
12.860  35.000  36.733  192.805
12.870  35.000  35.357  197.284
12.880  35.000  35.975  201.211
12.890  35.000  36.237  204.872
12.900  35.000  36.563  208.132
12.910  35.000  36.014  211.259
12.920  35.000  36.047  214.277
12.930  35.000  35.653  216.970
12.940  35.000  35.729  219.244
12.950  35.000  35.563  221.281
12.960  35.000  34.893  223.133
12.970  35.000  34.934  224.500
12.980  35.000  34.905  225.145
12.990  35.000  34.854  224.830
13.000  35.000  34.428  223.752
13.010  35.000  34.913  222.568
13.020  35.000  34.988  221.789
13.030  35.000  34.678  221.183
13.040  35.000  34.941  220.424
13.050  35.000  35.101  219.737
13.060  35.000  34.593  219.162
13.070  35.000  34.810  218.635
13.080  35.000  34.791  218.341
13.090  35.000  34.629  218.330
13.100  35.000  34.679  218.534
13.110  35.000  34.695  218.795
13.120  35.000  34.984  219.115
13.130  35.000  34.749  219.674
13.140  35.000  34.885  220.565
13.150  35.000  35.468  221.629
13.160  35.000  34.715  222.614
13.170  35.000  35.301  223.303
13.180  35.000  34.831  223.859
13.190  35.000  35.235  224.566
13.200  35.000  35.270  225.170
13.210  35.000  35.252  225.469
13.220  35.000  35.104  225.731
13.230  35.000  35.116  226.186
13.240  35.000  35.424  226.531
13.250  35.000  34.672  226.646
13.260  35.000  35.250  226.649
13.270  35.000  35.118  226.676
13.280  35.000  35.142  226.852
13.290  35.000  35.621  226.780
13.300  35.000  35.055  226.289
13.310  35.000  34.991  225.687
13.320  35.000  34.745  225.166
13.330  35.000  34.751  224.763
13.340  35.000  34.371  224.500
13.350  35.000  34.841  224.386
13.360  35.000  34.536  224.527
13.370  35.000  35.161  224.579
13.380  35.000  34.833  224.398
13.390  35.000  34.717  224.348
13.400  35.000  35.434  224.411
13.410  35.000  34.691  224.624
13.420  35.000  35.613  224.835
13.430  35.000  34.639  225.048
13.440  35.000  35.754  225.071
13.450  35.000  34.747  224.942
13.460  35.000  35.172  224.968
13.470  35.000  35.116  224.787
13.480  35.000  35.488  224.477
13.490  35.000  34.592  224.263
13.500  35.000  35.008  224.113
13.510  35.000  34.678  224.028
13.520  35.000  35.129  224.098
13.530  35.000  34.755  224.312
13.540  35.000  35.111  224.566
13.550  35.000  34.909  224.793
13.560  35.000  35.031  224.806
13.570  10.000  35.085  224.722
13.580  10.000  34.489  224.498
13.590  10.000  31.026  222.873
13.600  10.000  26.137  217.637
13.610  10.000  19.095  209.389
13.620  10.000  17.065  200.735
13.630  10.000  16.291  192.348
13.640  10.000  15.776  184.171
13.650  10.000  15.101  176.138
13.660  10.000  14.404  167.662
13.670  10.000  13.852  159.495
13.680  10.000  13.334  152.208
13.690  10.000  13.043  145.047
13.700  10.000  12.415  137.437
13.710  10.000  11.936  129.714
13.720  10.000  11.557  122.711
13.730  10.000  11.068  116.006
13.740  10.000  10.730  108.780
13.750  10.000  10.281  101.118
13.760  10.000  9.730  93.645
13.770  10.000  9.562  86.459
13.780  10.000  9.052  79.751
13.790  10.000  8.971  73.574
13.800  10.000  8.697  67.276
13.810  10.000  8.374  60.661
13.820  10.000  8.337  54.682
13.830  10.000  8.251  49.467
13.840  10.000  8.137  44.583
13.850  10.000  8.044  39.959
13.860  10.000  8.178  35.709
13.870  10.000  8.019  31.685
13.880  10.000  8.050  27.746
13.890  10.000  8.386  24.211
13.900  10.000  8.253  21.069
13.910  10.000  8.044  18.182
13.920  10.000  8.737  15.885
13.930  10.000  9.590  14.275
13.940  10.000  9.524  12.896
13.950  10.000  9.386  11.606
13.960  10.000  9.388  10.250
13.970  10.000  9.327  8.961
13.980  10.000  9.245  8.273
13.990  10.000  9.545  8.214
14.000  10.000  9.639  8.332
14.010  10.000  9.979  8.561
14.020  10.000  10.109  9.040
14.030  10.000  10.081  9.590
14.040  10.000  10.084  10.050
14.050  10.000  10.301  10.292
14.060  10.000  10.128  10.408
14.070  10.000  10.246  10.580
14.080  10.000  10.222  10.732
14.090  10.000  10.204  10.707
14.100  10.000  10.108  10.556
14.110  10.000  10.052  10.476
14.120  10.000  10.268  10.283
14.130  10.000  9.933  9.850
14.140  10.000  10.172  9.175
14.150  10.000  9.991  8.449
14.160  10.000  9.982  7.912
14.170  10.000  9.883  7.369
14.180  10.000  9.856  6.694
14.190  10.000  9.760  6.094
14.200  10.000  9.763  5.638
14.210  10.000  9.864  5.346
14.220  10.000  9.930  5.322
14.230  10.000  9.794  5.338
14.240  10.000  9.987  5.339
14.250  10.000  9.915  5.318
14.260  10.000  10.095  5.316
14.270  10.000  10.130  5.324
14.280  10.000  10.059  5.168
14.290  10.000  9.965  4.976
14.300  10.000  10.072  4.928
14.310  10.000  10.081  5.001
14.320  10.000  9.837  5.043
14.330  10.000  10.018  5.055
14.340  10.000  10.181  5.021
14.350  10.000  10.034  5.003
14.360  10.000  9.979  5.097
14.370  10.000  10.092  5.244
14.380  10.000  9.787  5.427
14.390  10.000  10.017  5.693
14.400  10.000  10.055  5.794
14.410  10.000  9.908  5.680
14.420  10.000  9.956  5.664
14.430  10.000  10.053  5.697
14.440  10.000  10.130  5.640
14.450  10.000  10.071  5.564
14.460  10.000  10.189  5.475
14.470  10.000  9.863  5.423
14.480  10.000  10.161  5.326
14.490  10.000  10.021  5.088
14.500  10.000  9.955  4.775
14.510  10.000  10.007  4.297
14.520  10.000  10.080  3.711
14.530  10.000  9.919  3.196
14.540  10.000  9.973  2.740
14.550  10.000  9.998  2.271
14.560  10.000  9.938  1.683
14.570  10.000  9.710  1.016
14.580  10.000  9.728  0.439
14.590  10.000  9.838  0.149
14.600  10.000  9.861  0.209
14.610  10.000  10.242  0.302
14.620  10.000  9.878  0.323
14.630  10.000  9.993  0.474
14.640  10.000  9.887  0.709
14.650  10.000  10.130  0.942
14.660  10.000  10.184  1.204
14.670  10.000  10.147  1.271
14.680  10.000  10.103  1.178
14.690  10.000  10.199  1.034
14.700  10.000  10.019  0.827
14.710  10.000  10.218  0.745
14.720  10.000  10.064  0.624
14.730  10.000  10.060  0.385
14.740  10.000  10.187  0.027
14.750  10.000  10.071  -0.567
14.760  10.000  9.975  -1.248
14.770  10.000  9.755  -1.944
14.780  10.000  9.840  -2.554
14.790  10.000  9.838  -3.110
14.800  10.000  9.832  -3.627
14.810  10.000  9.861  -3.896
14.820  10.000  9.750  -3.891
14.830  10.000  9.834  -3.776
14.840  10.000  9.906  -3.547
14.850  10.000  9.988  -3.217
14.860  10.000  9.794  -2.714
14.870  10.000  10.019  -1.985
14.880  10.000  10.199  -1.374
14.890  10.000  10.250  -1.018
14.900  10.000  10.115  -0.724
14.910  10.000  10.119  -0.485
14.920  10.000  10.159  -0.317
14.930  10.000  10.268  -0.353
14.940  10.000  10.168  -0.606
14.950  10.000  9.940  -0.761
14.960  10.000  10.118  -0.876
14.970  10.000  9.992  -1.226
14.980  10.000  9.977  -1.601
14.990  10.000  9.863  -1.895
15.000  10.000  9.742  -2.263
15.010  10.000  9.995  -2.693
15.020  10.000  9.799  -2.939
15.030  10.000  9.834  -2.896
15.040  10.000  10.035  -2.821
15.050  10.000  9.996  -2.721
15.060  10.000  10.000  -2.602
15.070  10.000  9.921  -2.609
15.080  10.000  10.044  -2.816
15.090  10.000  10.153  -2.889
15.100  10.000  10.084  -2.707
15.110  10.000  9.999  -2.571
15.120  10.000  9.953  -2.550
15.130  10.000  10.040  -2.473
15.140  10.000  10.137  -2.282
15.150  10.000  10.074  -2.190
15.160  10.000  10.003  -2.259
15.170  10.000  10.149  -2.343
15.180  10.000  9.902  -2.260
15.190  10.000  10.082  -2.194
15.200  10.000  9.837  -2.365
15.210  10.000  10.058  -2.564
15.220  10.000  9.926  -2.856
15.230  10.000  10.003  -3.334
15.240  10.000  9.920  -3.753
15.250  10.000  10.029  -4.017
15.260  10.000  9.866  -4.029
15.270  10.000  9.981  -3.927
15.280  10.000  9.867  -3.865
15.290  10.000  9.803  -3.639
15.300  10.000  9.957  -3.362
15.310  10.000  10.142  -3.236
15.320  10.000  10.212  -3.262
15.330  10.000  10.145  -3.407
15.340  10.000  9.943  -3.668
15.350  10.000  10.069  -3.767
15.360  10.000  9.890  -3.650
15.370  10.000  10.034  -3.644
15.380  10.000  9.949  -3.682
15.390  10.000  10.181  -3.702
15.400  10.000  10.048  -3.854
15.410  10.000  9.970  -3.936
15.420  10.000  10.022  -3.888
15.430  10.000  10.066  -4.072
15.440  10.000  9.998  -4.427
15.450  10.000  9.900  -4.705
15.460  10.000  9.840  -4.885
15.470  10.000  9.846  -4.954
15.480  10.000  9.975  -4.862
15.490  10.000  9.896  -4.811
15.500  10.000  10.167  -4.989
15.510  10.000  9.913  -5.090
15.520  10.000  10.170  -5.042
15.530  10.000  10.079  -5.065
15.540  10.000  9.995  -5.021
15.550  10.000  9.999  -4.941
15.560  10.000  10.109  -4.926
15.570  10.000  9.931  -4.928
15.580  12.500  9.942  -4.802
15.590  15.000  10.442  -4.484
15.600  17.500  11.245  -3.427
15.610  20.000  13.914  -0.776
15.620  22.500  17.243  3.831
15.630  25.000  21.160  9.819
15.640  27.500  23.256  16.755
15.650  30.000  27.203  24.319
15.660  32.500  27.921  32.554
15.670  35.000  28.469  41.369
15.680  35.000  29.825  49.773
15.690  35.000  29.659  58.039
15.700  35.000  30.888  65.945
15.710  35.000  30.780  73.338
15.720  35.000  31.174  80.681
15.730  35.000  31.936  88.682
15.740  35.000  32.625  96.595
15.750  35.000  32.707  103.486
15.760  35.000  32.832  110.474
15.770  35.000  33.289  117.702
15.780  35.000  34.276  124.919
15.790  35.000  34.297  132.003
15.800  35.000  35.357  138.380
15.810  35.000  35.415  144.269
15.820  35.000  35.949  150.021
15.830  35.000  35.639  155.745
15.840  35.000  36.911  161.050
15.850  35.000  36.272  165.997
15.860  35.000  35.840  171.080
15.870  35.000  35.484  175.728
15.880  35.000  35.627  179.932
15.890  35.000  36.029  183.839
15.900  35.000  36.232  187.826
15.910  35.000  36.361  191.707
15.920  35.000  36.041  195.124
15.930  35.000  35.380  198.221
15.940  35.000  35.798  200.936
15.950  35.000  35.384  203.377
15.960  35.000  35.276  205.416
15.970  35.000  34.994  206.829
15.980  35.000  35.173  207.581
15.990  35.000  34.747  207.580
16.000  35.000  34.780  207.008
16.010  35.000  35.131  206.368
16.020  35.000  34.473  205.976
16.030  35.000  35.065  205.738
16.040  35.000  34.996  205.614
16.050  35.000  34.728  205.586
16.060  35.000  34.993  205.539
16.070  35.000  34.840  205.692
16.080  35.000  34.657  205.892
16.090  35.000  34.616  205.924
16.100  35.000  35.165  205.872
16.110  35.000  34.772  205.932
16.120  35.000  34.935  206.201
16.130  35.000  34.944  206.527
16.140  35.000  35.059  206.992
16.150  35.000  34.859  207.634
16.160  35.000  35.401  208.155
16.170  35.000  34.561  208.656
16.180  35.000  35.090  209.177
16.190  35.000  35.093  209.567
16.200  35.000  35.476  209.900
16.210  35.000  34.856  210.120
16.220  35.000  35.435  210.287
16.230  35.000  35.081  210.480
16.240  35.000  35.411  210.571
16.250  35.000  34.731  210.647
16.260  35.000  35.037  210.778
16.270  35.000  35.339  210.681
16.280  35.000  34.763  210.435
16.290  35.000  35.333  210.269
16.300  35.000  34.978  210.166
16.310  35.000  34.910  209.956
16.320  35.000  34.936  209.481
16.330  35.000  35.220  208.876
16.340  35.000  35.069  208.228
16.350  35.000  34.936  207.590
16.360  35.000  34.637  207.102
16.370  35.000  35.060  206.754
16.380  35.000  34.912  206.578
16.390  35.000  34.916  206.525
16.400  35.000  34.441  206.469
16.410  35.000  35.137  206.363
16.420  35.000  34.940  206.482
16.430  35.000  34.967  207.039
16.440  35.000  34.854  207.669
16.450  35.000  34.949  208.128
16.460  35.000  34.788  208.361
16.470  35.000  35.060  208.571
16.480  35.000  35.062  208.887
16.490  35.000  35.139  209.217
16.500  35.000  35.222  209.398
16.510  35.000  35.092  209.428
16.520  35.000  35.176  209.527
16.530  35.000  34.737  209.690
16.540  35.000  35.061  209.983
16.550  35.000  34.950  210.224
16.560  35.000  35.182  210.226
16.570  35.000  34.840  210.213
16.580  10.000  35.203  210.262
16.590  10.000  34.274  210.126
16.600  10.000  31.358  208.534
16.610  10.000  26.208  203.206
16.620  10.000  19.297  195.068
16.630  10.000  16.884  186.705
16.640  10.000  16.204  178.824
16.650  10.000  15.500  170.377
16.660  10.000  14.827  161.360
16.670  10.000  14.549  152.559
16.680  10.000  14.032  144.305
16.690  10.000  13.305  136.042
16.700  10.000  12.829  128.050
16.710  10.000  12.464  120.480
16.720  10.000  11.951  113.037
16.730  10.000  11.576  106.350
16.740  10.000  11.077  99.704
16.750  10.000  10.626  93.039
16.760  10.000  10.320  85.860
16.770  10.000  9.810  79.126
16.780  10.000  9.492  72.688
16.790  10.000  9.182  66.231
16.800  10.000  8.901  59.838
16.810  10.000  8.760  53.243
16.820  10.000  8.316  47.048
16.830  10.000  8.327  41.348
16.840  10.000  8.240  36.375
16.850  10.000  8.050  31.866
16.860  10.000  8.104  27.456
16.870  10.000  8.141  23.202
16.880  10.000  8.103  19.082
16.890  10.000  8.165  14.839
16.900  10.000  8.431  11.177
16.910  10.000  8.478  8.124
16.920  10.000  8.198  5.299
16.930  10.000  8.474  2.942
16.940  10.000  9.547  1.359
16.950  10.000  9.443  0.305
16.960  10.000  9.413  -0.861
16.970  10.000  9.139  -2.030
16.980  10.000  9.078  -2.880
16.990  10.000  9.498  -3.505
17.000  10.000  9.443  -3.764
17.010  10.000  9.638  -3.529
17.020  10.000  9.921  -2.848
17.030  10.000  9.976  -1.995
17.040  10.000  10.141  -1.259
17.050  10.000  10.187  -0.536
17.060  10.000  10.123  0.343
17.070  10.000  10.352  1.151
17.080  10.000  10.224  1.738
17.090  10.000  10.238  2.019
17.100  10.000  10.361  2.013
17.110  10.000  10.316  1.962
17.120  10.000  10.223  1.829
17.130  10.000  10.218  1.436
17.140  10.000  10.102  0.868
17.150  10.000  9.840  0.310
17.160  10.000  9.848  -0.371
17.170  10.000  9.637  -1.085
17.180  10.000  9.713  -1.640
17.190  10.000  9.873  -2.115
17.200  10.000  9.776  -2.583
17.210  10.000  9.821  -2.882
17.220  10.000  10.006  -2.968
17.230  10.000  9.921  -2.897
17.240  10.000  9.760  -2.628
17.250  10.000  10.034  -2.165
17.260  10.000  9.956  -1.710
17.270  10.000  10.167  -1.316
17.280  10.000  9.948  -0.895
17.290  10.000  10.164  -0.413
17.300  10.000  10.109  -0.038
17.310  10.000  10.116  0.186
17.320  10.000  10.216  0.220
17.330  10.000  10.180  0.052
17.340  10.000  10.113  0.034
17.350  10.000  10.127  0.129
17.360  10.000  9.981  0.134
17.370  10.000  9.960  -0.019
17.380  10.000  10.049  -0.401
17.390  10.000  9.868  -0.810
17.400  10.000  9.773  -1.062
17.410  10.000  9.847  -1.329
17.420  10.000  9.824  -1.584
17.430  10.000  9.726  -1.491
17.440  10.000  9.784  -1.191
17.450  10.000  9.917  -0.844
17.460  10.000  10.059  -0.494
17.470  10.000  10.010  -0.263
17.480  10.000  10.187  -0.064
17.490  10.000  10.142  0.021
17.500  10.000  10.303  -0.077
17.510  10.000  10.166  -0.199
17.520  10.000  9.961  -0.199
17.530  10.000  10.092  -0.266
17.540  10.000  10.148  -0.583
17.550  10.000  9.908  -1.052
17.560  10.000  9.953  -1.556
17.570  10.000  10.092  -1.979
17.580  10.000  9.916  -2.241
17.590  10.000  10.113  -2.488
17.600  10.000  9.973  -2.841
17.610  10.000  9.975  -3.165
17.620  10.000  9.756  -3.323
17.630  10.000  9.929  -3.517
17.640  10.000  9.832  -3.727
17.650  10.000  9.947  -3.835
17.660  10.000  9.735  -3.758
17.670  10.000  9.925  -3.376
17.680  10.000  10.021  -2.938
17.690  10.000  10.008  -2.705
17.700  10.000  10.239  -2.713
17.710  10.000  9.980  -2.670
17.720  10.000  10.127  -2.425
17.730  10.000  10.010  -2.206
17.740  10.000  10.100  -2.099
17.750  10.000  10.217  -2.005
17.760  10.000  10.025  -2.086
17.770  10.000  10.161  -2.359
17.780  10.000  10.004  -2.661
17.790  10.000  9.864  -2.964
17.800  10.000  10.021  -3.220
17.810  10.000  9.951  -3.378
17.820  10.000  10.173  -3.562
17.830  10.000  9.874  -3.819
17.840  10.000  9.938  -3.925
17.850  10.000  9.855  -3.899
17.860  10.000  10.038  -3.972
17.870  10.000  9.703  -4.011
17.880  10.000  10.043  -3.840
17.890  10.000  9.869  -3.680
17.900  10.000  9.848  -3.573
17.910  10.000  9.951  -3.570
17.920  10.000  10.014  -3.523
17.930  10.000  9.931  -3.339
17.940  10.000  9.985  -3.199
17.950  10.000  10.043  -3.087
17.960  10.000  9.946  -2.851
17.970  10.000  9.998  -2.425
17.980  10.000  10.088  -2.047
17.990  10.000  10.326  -1.807
18.000  10.000  10.207  -1.691
18.010  10.000  10.342  -1.888
18.020  10.000  10.133  -2.342
18.030  10.000  10.106  -2.838
18.040  10.000  9.982  -3.353
18.050  10.000  9.940  -3.851
18.060  10.000  10.006  -4.285
18.070  10.000  9.958  -4.756
18.080  10.000  9.940  -5.324
18.090  10.000  9.767  -5.704
18.100  10.000  9.778  -5.862
18.110  10.000  10.015  -5.919
18.120  10.000  9.853  -5.974
18.130  10.000  9.761  -6.042
18.140  10.000  10.003  -6.052
18.150  10.000  9.707  -6.023
18.160  10.000  9.923  -5.832
18.170  10.000  9.960  -5.503
18.180  10.000  10.172  -5.277
18.190  10.000  9.983  -5.141
18.200  10.000  10.247  -5.000
18.210  10.000  10.156  -4.803
18.220  10.000  10.148  -4.603
18.230  10.000  10.240  -4.623
18.240  10.000  10.260  -4.846
18.250  10.000  10.176  -5.316
18.260  10.000  9.988  -5.889
18.270  10.000  9.961  -6.249
18.280  10.000  9.887  -6.479
18.290  10.000  9.984  -6.682
18.300  10.000  9.694  -6.979
18.310  10.000  9.907  -7.373
18.320  10.000  10.021  -7.630
18.330  10.000  9.746  -7.797
18.340  10.000  9.805  -7.868
18.350  10.000  9.947  -7.656
18.360  10.000  9.878  -7.334
18.370  10.000  10.010  -7.158
18.380  10.000  10.043  -7.081
18.390  10.000  9.849  -6.919
18.400  10.000  9.789  -6.500
18.410  10.000  10.103  -5.954
18.420  10.000  10.145  -5.531
18.430  10.000  10.197  -5.273
18.440  10.000  10.121  -4.965
18.450  10.000  10.161  -4.363
18.460  10.000  10.275  -3.939
18.470  10.000  10.268  -3.999
18.480  10.000  10.135  -4.200
18.490  10.000  10.032  -4.500
18.500  10.000  10.065  -4.911
18.510  10.000  9.876  -5.333
18.520  10.000  9.989  -5.826
18.530  10.000  9.905  -6.435
18.540  10.000  9.899  -6.902
18.550  10.000  9.852  -7.201
18.560  10.000  9.863  -7.423
18.570  10.000  9.998  -7.467
18.580  10.000  9.815  -7.557
18.590  12.500  10.141  -7.790
18.600  15.000  10.159  -7.644
18.610  17.500  10.899  -6.534
18.620  20.000  14.232  -3.982
18.630  22.500  16.960  0.556
18.640  25.000  20.998  6.508
18.650  27.500  22.846  14.046
18.660  30.000  26.506  22.603
18.670  32.500  28.007  30.830
18.680  35.000  29.305  38.878
18.690  35.000  29.492  47.140
18.700  35.000  29.885  55.775
18.710  35.000  30.180  64.618
18.720  35.000  30.183  73.540
18.730  35.000  31.237  81.403
18.740  35.000  32.410  88.124
18.750  35.000  32.695  94.641
18.760  35.000  33.525  101.290
18.770  35.000  33.306  107.999
18.780  35.000  33.212  114.955
18.790  35.000  34.738  121.643
18.800  35.000  34.258  128.127
18.810  35.000  35.099  134.700
18.820  35.000  34.983  141.027
18.830  35.000  35.204  147.437
18.840  35.000  35.671  153.759
18.850  35.000  35.884  159.531
18.860  35.000  35.997  164.973
18.870  35.000  37.256  170.010
18.880  35.000  36.512  174.542
18.890  35.000  35.548  178.978
18.900  35.000  35.881  183.185
18.910  35.000  36.104  187.128
18.920  35.000  36.656  190.667
18.930  35.000  36.801  193.816
18.940  35.000  35.905  196.678
18.950  35.000  35.535  199.370
18.960  35.000  35.379  201.815
18.970  35.000  35.667  204.043
18.980  35.000  35.251  206.116
18.990  35.000  34.928  207.751
19.000  35.000  35.638  208.664
19.010  35.000  35.141  209.098
19.020  35.000  35.025  208.991
19.030  35.000  33.951  208.194
19.040  35.000  34.652  207.008
19.050  35.000  34.162  205.816
19.060  35.000  34.736  204.859
19.070  35.000  34.473  204.149
19.080  35.000  34.540  203.814
19.090  35.000  34.650  203.740
19.100  35.000  34.834  203.713
19.110  35.000  34.963  203.641
19.120  35.000  35.207  203.783
19.130  35.000  34.517  204.156
19.140  35.000  35.224  204.651
19.150  35.000  34.623  205.256
19.160  35.000  34.959  205.988
19.170  35.000  34.784  206.977
19.180  35.000  35.169  207.930
19.190  35.000  34.542  208.963
19.200  35.000  35.837  209.999
19.210  35.000  35.265  210.643
19.220  35.000  35.267  211.034
19.230  35.000  35.372  211.198
19.240  35.000  35.346  211.302
19.250  35.000  34.797  211.596
19.260  35.000  35.550  211.961
19.270  35.000  35.303  212.119
19.280  35.000  35.183  211.849
19.290  35.000  34.742  211.418
19.300  35.000  34.971  211.063
19.310  35.000  35.071  210.680
19.320  35.000  34.285  210.372
19.330  35.000  35.035  210.216
19.340  35.000  35.033  210.117
19.350  35.000  34.887  209.981
19.360  35.000  34.991  209.965
19.370  35.000  34.521  210.169
19.380  35.000  35.002  210.597
19.390  35.000  34.783  210.984
19.400  35.000  35.220  211.155
19.410  35.000  34.821  211.427
19.420  35.000  35.047  211.683
19.430  35.000  35.388  211.898
19.440  35.000  34.649  212.181
19.450  35.000  35.647  212.209
19.460  35.000  34.691  212.322
19.470  35.000  35.282  212.570
19.480  35.000  35.164  212.791
19.490  35.000  35.004  212.948
19.500  35.000  35.168  212.958
19.510  35.000  34.944  212.944
19.520  35.000  35.575  212.749
19.530  35.000  34.678  212.519
19.540  35.000  34.676  212.380
19.550  35.000  34.685  212.238
19.560  35.000  34.918  212.168
19.570  35.000  34.783  212.330
19.580  35.000  34.901  212.616
19.590  10.000  34.537  212.951
19.600  10.000  34.110  213.023
19.610  10.000  31.476  211.728
19.620  10.000  25.788  206.123
19.630  10.000  19.171  197.562
19.640  10.000  16.711  189.330
19.650  10.000  16.149  181.094
19.660  10.000  15.542  173.262
19.670  10.000  15.059  165.089
19.680  10.000  14.450  156.369
19.690  10.000  13.908  147.757
19.700  10.000  13.346  139.736
19.710  10.000  12.865  132.337
19.720  10.000  12.392  125.051
19.730  10.000  12.072  117.543
19.740  10.000  11.511  110.365
19.750  10.000  10.952  103.415
19.760  10.000  10.543  96.667
19.770  10.000  10.184  90.404
19.780  10.000  9.828  83.681
19.790  10.000  9.380  76.591
19.800  10.000  9.146  69.516
19.810  10.000  8.893  63.328
19.820  10.000  8.626  57.788
19.830  10.000  8.324  52.084
19.840  10.000  8.307  46.673
19.850  10.000  8.341  41.667
19.860  10.000  8.071  36.922
19.870  10.000  8.078  32.336
19.880  10.000  8.140  28.117
19.890  10.000  8.091  24.289
19.900  10.000  8.214  20.593
19.910  10.000  8.485  17.316
19.920  10.000  8.387  14.279
19.930  10.000  8.245  11.511
19.940  10.000  8.714  9.318
19.950  10.000  9.572  7.755
19.960  10.000  9.367  6.684
19.970  10.000  9.362  5.668
19.980  10.000  9.213  4.463
19.990  10.000  9.202  3.392
20.000  10.000  9.208  2.962
20.010  10.000  9.578  3.099
20.020  10.000  9.660  3.495
20.030  10.000  9.704  4.319
20.040  10.000  9.831  5.420
20.050  10.000  10.108  6.482
20.060  10.000  10.291  7.547
20.070  10.000  10.062  8.499
20.080  10.000  10.269  9.273
20.090  10.000  10.340  9.880
20.100  10.000  10.408  10.260
20.110  10.000  10.318  10.415
20.120  10.000  10.473  10.325
20.130  10.000  10.253  9.916
20.140  10.000  10.265  9.145
20.150  10.000  9.891  8.153
20.160  10.000  10.088  7.199
20.170  10.000  9.975  6.240
20.180  10.000  9.894  5.415
20.190  10.000  9.902  4.793
20.200  10.000  9.781  4.045
20.210  10.000  9.680  3.349
20.220  10.000  9.606  2.917
20.230  10.000  9.646  2.800
20.240  10.000  9.634  3.110
20.250  10.000  9.848  3.498
20.260  10.000  9.882  3.867
20.270  10.000  9.942  4.405
20.280  10.000  10.184  5.075
20.290  10.000  10.105  5.786
20.300  10.000  10.175  6.501
20.310  10.000  10.168  7.137
20.320  10.000  10.124  7.354
20.330  10.000  10.338  7.168
20.340  10.000  10.183  6.994
20.350  10.000  10.373  6.907
20.360  10.000  10.197  6.592
20.370  10.000  10.064  5.954
20.380  10.000  10.080  5.231
20.390  10.000  9.813  4.614
20.400  10.000  9.763  4.029
20.410  10.000  9.720  3.396
20.420  10.000  9.673  2.994
20.430  10.000  9.637  2.896
20.440  10.000  9.808  2.890
20.450  10.000  9.847  2.985
20.460  10.000  9.879  3.045
20.470  10.000  10.114  3.074
20.480  10.000  10.063  3.279
20.490  10.000  10.138  3.609
20.500  10.000  10.169  3.839
20.510  10.000  10.226  3.942
20.520  10.000  10.020  4.062
20.530  10.000  10.083  4.157
20.540  10.000  10.070  4.142
20.550  10.000  10.135  4.050
20.560  10.000  10.225  3.885
20.570  10.000  9.956  3.650
20.580  10.000  10.138  3.225
20.590  10.000  9.994  2.736
20.600  10.000  9.854  2.354
20.610  10.000  10.065  2.014
20.620  10.000  9.824  1.741
20.630  10.000  9.983  1.474
20.640  10.000  10.045  1.270
20.650  10.000  9.816  1.118
20.660  10.000  9.747  1.035
20.670  10.000  9.862  1.072
20.680  10.000  9.893  1.207
20.690  10.000  9.893  1.331
20.700  10.000  10.002  1.402
20.710  10.000  10.060  1.626
20.720  10.000  10.100  2.047
20.730  10.000  10.176  2.415
20.740  10.000  10.072  2.491
20.750  10.000  10.024  2.465
20.760  10.000  10.042  2.488
20.770  10.000  10.199  2.570
20.780  10.000  9.972  2.687
20.790  10.000  10.139  2.741
20.800  10.000  9.959  2.635
20.810  10.000  9.894  2.456
20.820  10.000  10.069  2.336
20.830  10.000  9.978  2.296
20.840  10.000  9.930  2.304
20.850  10.000  9.803  2.371
20.860  10.000  9.917  2.424
20.870  10.000  9.778  2.407
20.880  10.000  10.225  2.375
20.890  10.000  9.868  2.312
20.900  10.000  9.895  2.399
20.910  10.000  10.013  2.608
20.920  10.000  10.248  2.780
20.930  10.000  10.052  2.825
20.940  10.000  10.146  2.894
20.950  10.000  10.109  3.069
20.960  10.000  9.997  3.094
20.970  10.000  9.840  3.104
20.980  10.000  10.020  3.047
20.990  10.000  9.782  2.831
21.000  10.000  10.239  2.866
21.010  10.000  9.968  3.044
21.020  10.000  10.023  3.041
21.030  10.000  9.833  3.012
21.040  10.000  10.041  3.019
21.050  10.000  9.866  3.106
21.060  10.000  10.155  3.212
21.070  10.000  9.815  3.229
21.080  10.000  10.038  3.344
21.090  10.000  9.950  3.513
21.100  10.000  10.056  3.685
21.110  10.000  10.062  3.936
21.120  10.000  10.069  4.103
21.130  10.000  10.140  4.195
21.140  10.000  9.920  4.447
21.150  10.000  10.206  4.714
21.160  10.000  10.039  4.741
21.170  10.000  9.811  4.630
21.180  10.000  10.003  4.482
21.190  10.000  9.883  4.258
21.200  10.000  9.856  4.142
21.210  10.000  9.931  4.261
21.220  10.000  9.952  4.611
21.230  10.000  9.915  4.884
21.240  10.000  10.138  4.926
21.250  10.000  10.014  5.009
21.260  10.000  10.048  5.269
21.270  10.000  10.070  5.542
21.280  10.000  10.213  5.617
21.290  10.000  9.954  5.699
21.300  10.000  10.211  5.873
21.310  10.000  9.922  5.966
21.320  10.000  10.046  5.863
21.330  10.000  10.045  5.565
21.340  10.000  9.984  5.366
21.350  10.000  9.924  5.338
21.360  10.000  10.032  5.319
21.370  10.000  9.939  5.313
21.380  10.000  10.202  5.140
21.390  10.000  10.014  4.792
21.400  10.000  9.937  4.546
21.410  10.000  9.846  4.414
21.420  10.000  9.664  4.335
21.430  10.000  9.708  4.436
21.440  10.000  9.731  4.830
21.450  10.000  9.924  5.394
21.460  10.000  10.087  5.871
21.470  10.000  10.094  6.259
21.480  10.000  10.157  6.605
21.490  10.000  10.075  6.945
21.500  10.000  10.052  7.384
21.510  10.000  10.132  7.647
21.520  10.000  10.091  7.639
21.530  10.000  9.987  7.675
21.540  10.000  10.261  7.675
21.550  10.000  10.182  7.616
21.560  10.000  10.052  7.531
21.570  10.000  10.132  7.384
21.580  10.000  10.117  7.154
21.590  10.000  10.045  6.743
21.600  12.500  9.963  6.252
21.610  15.000  10.173  6.239
21.620  17.500  11.055  7.276
21.630  20.000  13.497  9.427
21.640  22.500  16.711  13.412
21.650  25.000  20.660  19.369
21.660  27.500  23.104  26.504
21.670  30.001  26.523  34.451
21.680  32.500  27.758  43.308
21.690  35.000  28.897  51.732
21.700  35.000  29.321  59.669
21.710  35.000  30.293  67.764
21.720  35.000  30.282  75.435
