# covent_pc_1
# Captured 2020-06-18 14:16:41.732132 by unknown user
# Built at revision 65ecf17 (dirty)
time(sec)  pc_setpoint  pressure  volume
0.000  5.000  5.373  -12.806
0.010  5.000  5.173  -10.099
0.020  5.000  5.183  -7.543
0.030  5.000  5.485  -5.223
0.040  5.000  5.350  -3.045
0.050  5.000  5.375  -0.904
0.060  5.000  5.426  1.159
0.070  5.000  5.296  3.078
0.080  5.000  5.435  4.575
0.090  5.000  5.617  5.614
0.100  5.000  5.398  6.535
0.110  5.000  5.499  7.353
0.120  5.000  5.451  8.283
0.130  5.000  5.451  9.399
0.140  5.000  5.483  10.279
0.150  5.000  5.480  10.890
0.160  5.000  5.558  11.342
0.170  5.000  5.405  11.826
0.180  5.000  5.464  12.512
0.190  5.000  5.507  13.174
0.200  5.000  5.415  13.684
0.210  5.000  5.537  14.095
0.220  5.000  5.487  14.464
0.230  5.000  5.641  14.657
0.240  5.000  5.532  14.798
0.250  5.000  5.370  15.069
0.260  5.000  5.439  15.302
0.270  5.000  5.397  15.469
0.280  5.000  5.392  15.535
0.290  5.000  5.359  15.420
0.300  5.000  5.444  15.295
0.310  5.000  5.184  15.037
0.320  5.000  5.317  14.414
0.330  5.000  5.191  13.686
0.340  5.000  5.189  13.070
0.350  5.000  5.251  12.391
0.360  5.000  5.071  11.813
0.370  5.000  5.179  11.252
0.380  5.000  5.178  10.362
0.390  5.000  5.082  9.273
0.400  5.000  5.034  8.061
0.410  5.000  5.046  6.807
0.420  5.000  5.057  5.609
0.430  5.000  4.948  4.625
0.440  5.000  4.998  3.865
0.450  5.000  4.735  3.115
0.460  5.000  4.905  2.338
0.470  5.000  4.835  1.508
0.480  5.000  4.829  0.566
0.490  5.000  4.752  -0.336
0.500  5.000  4.783  -1.028
0.510  6.000  4.781  -1.572
0.520  7.000  4.884  -2.081
0.530  8.000  5.067  -2.276
0.540  9.000  4.958  -1.976
0.550  10.000  5.018  -1.333
0.560  11.000  5.692  0.210
0.570  12.000  5.773  3.060
0.580  13.000  7.159  6.735
0.590  14.000  8.178  11.586
0.600  15.000  8.919  18.060
0.610  15.000  9.914  26.371
0.620  15.000  11.131  37.195
0.630  15.000  11.874  48.538
0.640  15.000  12.845  59.005
0.650  15.000  13.974  69.664
0.660  15.000  14.277  80.323
0.670  15.000  14.654  91.372
0.680  15.000  14.431  104.516
0.690  15.000  14.195  117.694
0.700  15.000  14.614  129.751
0.710  15.000  14.482  143.500
0.720  15.000  14.741  158.365
0.730  15.000  15.854  171.242
0.740  15.000  15.413  182.479
0.750  15.000  14.924  193.160
0.760  15.000  14.807  205.168
0.770  15.000  16.034  217.578
0.780  15.000  15.860  228.761
0.790  15.000  15.679  240.658
0.800  15.000  16.005  252.530
0.810  15.000  16.247  263.216
0.820  15.000  16.505  273.261
0.830  15.000  16.572  283.943
0.840  15.000  16.103  294.555
0.850  15.000  16.598  303.997
0.860  15.000  16.309  313.420
0.870  15.000  16.563  323.163
0.880  15.000  16.123  332.603
0.890  15.000  15.801  342.039
0.900  15.000  16.108  351.114
0.910  15.000  15.661  359.854
0.920  15.000  15.408  368.072
0.930  15.000  14.622  375.772
0.940  15.000  14.501  383.264
0.950  15.000  15.152  390.072
0.960  15.000  15.995  396.454
0.970  15.000  16.168  402.413
0.980  15.000  15.720  408.009
0.990  15.000  15.430  413.719
1.000  15.000  15.751  419.554
1.010  15.000  15.251  425.383
1.020  15.000  15.144  430.795
1.030  15.000  15.294  435.989
1.040  15.000  15.680  441.083
1.050  15.000  15.417  445.997
1.060  15.000  15.511  450.826
1.070  15.000  15.428  455.405
1.080  15.000  15.528  459.903
1.090  15.000  15.572  464.332
1.100  15.000  15.658  468.539
1.110  15.000  15.859  472.561
1.120  15.000  15.071  476.633
1.130  15.000  15.504  480.629
1.140  15.000  15.720  484.082
1.150  15.000  15.606  487.095
1.160  15.000  15.255  489.825
1.170  15.000  15.726  492.207
1.180  15.000  15.309  494.461
1.190  15.000  15.431  496.571
1.200  15.000  15.462  498.648
1.210  15.000  15.835  500.755
1.220  15.000  15.556  502.765
1.230  15.000  15.753  504.961
1.240  15.000  15.716  507.260
1.250  15.000  15.555  509.602
1.260  15.000  15.797  511.693
1.270  15.000  15.528  513.299
1.280  15.000  15.533  514.841
1.290  15.000  15.646  516.332
1.300  15.000  15.690  517.552
1.310  15.000  15.320  518.579
1.320  15.000  15.549  519.265
1.330  15.000  15.519  519.647
1.340  15.000  15.379  519.865
1.350  15.000  15.547  519.952
1.360  15.000  15.350  520.168
1.370  15.000  15.654  520.454
1.380  15.000  15.500  520.555
1.390  15.000  15.487  520.429
1.400  15.000  15.389  520.312
1.410  15.000  15.261  520.338
1.420  15.000  15.348  520.308
1.430  15.000  15.134  520.064
1.440  15.000  15.119  519.595
1.450  15.000  15.062  519.074
1.460  15.000  15.365  518.679
1.470  15.000  15.075  518.284
1.480  15.000  15.343  517.803
1.490  15.000  15.075  517.322
1.500  15.000  15.322  516.758
1.510  5.000  15.052  516.045
1.520  5.000  14.841  514.750
1.530  5.000  13.355  511.956
1.540  5.000  12.451  508.097
1.550  5.000  11.893  503.404
1.560  5.000  11.527  496.941
1.570  5.000  11.255  489.428
1.580  5.000  10.744  482.760
1.590  5.000  10.394  476.115
1.600  5.000  10.165  468.838
1.610  5.000  10.078  462.223
1.620  5.000  10.076  455.849
1.630  5.000  10.005  449.505
1.640  5.000  9.650  442.953
1.650  5.000  9.551  436.492
1.660  5.000  9.457  430.074
1.670  5.000  9.523  423.762
1.680  5.000  9.226  418.277
1.690  5.000  9.339  412.031
1.700  5.000  9.265  404.713
1.710  5.000  9.023  397.549
1.720  5.000  9.131  390.756
1.730  5.000  8.935  384.380
1.740  5.000  8.821  377.798
1.750  5.000  8.778  371.403
1.760  5.000  8.643  365.828
1.770  5.000  8.776  360.491
1.780  5.000  8.268  354.555
1.790  5.000  8.341  348.019
1.800  5.000  8.250  342.212
1.810  5.000  8.120  336.903
1.820  5.000  8.094  331.337
1.830  5.000  8.026  325.933
1.840  5.000  7.874  320.578
1.850  5.000  7.765  314.930
1.860  5.000  7.808  309.487
1.870  5.000  7.625  303.457
1.880  5.000  7.583  297.326
1.890  5.000  7.466  292.205
1.900  5.000  7.383  287.259
1.910  5.000  7.244  281.569
1.920  5.000  7.112  275.936
1.930  5.000  7.188  270.966
1.940  5.000  7.046  265.755
1.950  5.000  7.121  260.074
1.960  5.000  6.969  253.775
1.970  5.000  6.935  247.391
1.980  5.000  6.799  241.903
1.990  5.000  6.657  236.834
2.000  5.000  6.615  231.400
2.010  5.000  6.689  226.271
2.020  5.000  6.570  221.028
2.030  5.000  6.390  215.660
2.040  5.000  6.394  210.213
2.050  5.000  6.327  204.988
2.060  5.000  6.236  199.589
2.070  5.000  6.201  193.648
2.080  5.000  6.104  188.379
2.090  5.000  6.023  183.021
2.100  5.000  5.831  177.325
2.110  5.000  5.852  171.874
2.120  5.000  5.759  166.546
2.130  5.000  5.717  161.069
2.140  5.000  5.664  156.027
2.150  5.000  5.649  151.615
2.160  5.000  5.538  147.110
2.170  5.000  5.410  142.287
2.180  5.000  5.425  137.625
2.190  5.000  5.294  132.650
2.200  5.000  5.277  127.629
2.210  5.000  5.247  123.251
2.220  5.000  5.202  119.029
2.230  5.000  5.089  114.637
2.240  5.000  4.953  109.764
2.250  5.000  4.893  104.767
2.260  5.000  4.895  100.371
2.270  5.000  4.905  96.317
2.280  5.000  4.747  91.526
2.290  5.000  4.685  86.389
2.300  5.000  4.646  81.940
2.310  5.000  4.575  77.603
2.320  5.000  4.554  73.367
2.330  5.000  4.570  69.352
2.340  5.000  4.513  64.854
2.350  5.000  4.460  60.472
2.360  5.000  4.397  56.632
2.370  5.000  4.316  53.009
2.380  5.000  4.252  49.373
2.390  5.000  4.160  45.549
2.400  5.000  4.150  41.868
2.410  5.000  4.114  38.359
2.420  5.000  4.093  34.737
2.430  5.000  4.152  31.049
2.440  5.000  4.159  27.580
2.450  5.000  4.167  23.916
2.460  5.000  4.036  19.725
2.470  5.000  3.993  15.840
2.480  5.000  3.973  12.549
2.490  5.000  3.899  9.467
2.500  5.000  3.894  6.339
2.510  5.000  3.868  3.195
2.520  5.000  3.846  0.094
2.530  5.000  3.896  -2.944
2.540  5.000  3.903  -5.811
2.550  5.000  3.917  -8.471
2.560  5.000  3.932  -11.095
2.570  5.000  3.853  -13.902
2.580  5.000  3.812  -16.643
2.590  5.000  3.786  -19.232
2.600  5.000  3.762  -21.711
2.610  5.000  3.726  -24.124
2.620  5.000  3.720  -26.693
2.630  5.000  3.684  -29.188
2.640  5.000  3.720  -31.428
2.650  5.000  3.805  -33.391
2.660  5.000  3.805  -34.921
2.670  5.000  3.836  -36.241
2.680  5.000  3.820  -37.894
2.690  5.000  3.786  -39.692
2.700  5.000  3.741  -41.145
2.710  5.000  3.669  -42.402
2.720  5.000  3.762  -43.633
2.730  5.000  3.843  -44.708
2.740  5.000  3.798  -45.451
2.750  5.000  3.851  -45.934
2.760  5.000  3.860  -46.241
2.770  5.000  4.055  -46.364
2.780  5.000  4.059  -46.203
2.790  5.000  4.191  -45.858
2.800  5.000  3.946  -45.235
2.810  5.000  4.125  -44.418
2.820  5.000  4.089  -43.729
2.830  5.000  4.005  -42.782
2.840  5.000  4.055  -41.659
2.850  5.000  4.087  -40.353
2.860  5.000  4.181  -38.712
2.870  5.000  4.255  -36.854
2.880  5.000  4.414  -34.966
2.890  5.000  4.567  -33.169
2.900  5.000  4.595  -31.175
2.910  5.000  4.570  -28.990
2.920  5.000  4.805  -26.446
2.930  5.000  4.812  -23.507
2.940  5.000  4.849  -20.722
2.950  5.000  4.890  -18.073
2.960  5.000  5.107  -15.276
2.970  5.000  5.062  -12.405
2.980  5.000  5.079  -9.822
2.990  5.000  5.190  -7.697
3.000  5.000  5.112  -5.443
3.010  5.000  5.123  -3.018
3.020  5.000  5.119  -0.644
3.030  5.000  5.308  1.675
3.040  5.000  5.336  3.889
3.050  5.000  5.273  6.112
3.060  5.000  5.403  8.388
3.070  5.000  5.101  10.556
3.080  5.000  5.436  12.392
3.090  5.000  5.376  14.071
3.100  5.000  5.606  15.753
3.110  5.000  5.614  17.098
3.120  5.000  5.462  18.046
3.130  5.000  5.489  18.948
3.140  5.000  5.432  19.836
3.150  5.000  5.384  20.750
3.160  5.000  5.537  21.373
3.170  5.000  5.298  21.634
3.180  5.000  5.511  21.801
3.190  5.000  5.431  22.010
3.200  5.000  5.539  22.192
3.210  5.000  5.423  22.322
3.220  5.000  5.495  22.565
3.230  5.000  5.641  22.823
3.240  5.000  5.420  23.121
3.250  5.000  5.352  23.677
3.260  5.000  5.469  24.470
3.270  5.000  5.500  25.180
3.280  5.000  5.401  25.580
3.290  5.000  5.465  25.524
3.300  5.000  5.578  25.035
3.310  5.000  5.438  24.632
3.320  5.000  5.427  24.417
3.330  5.000  5.378  23.967
3.340  5.000  5.376  23.477
3.350  5.000  5.294  22.948
3.360  5.000  5.195  21.984
3.370  5.000  5.224  20.791
3.380  5.000  5.111  19.645
3.390  5.000  5.189  18.462
3.400  5.000  5.017  17.259
3.410  5.000  5.128  16.110
3.420  5.000  5.056  15.023
3.430  5.000  4.956  14.007
3.440  5.000  5.009  12.894
3.450  5.000  4.947  11.717
3.460  5.000  4.909  10.683
3.470  5.000  4.840  9.699
3.480  5.000  4.785  8.604
3.490  5.000  4.951  7.489
3.500  5.000  4.880  6.521
3.510  5.000  4.860  5.505
3.520  6.000  4.922  4.476
3.530  7.000  4.893  3.674
3.540  8.000  5.110  3.227
3.550  9.000  5.164  3.363
3.560  10.000  5.163  3.978
3.570  11.000  5.618  5.328
3.580  12.000  6.152  7.631
3.590  13.000  7.335  10.719
3.600  14.000  7.797  15.146
3.610  15.000  8.723  21.173
3.620  15.000  10.204  28.207
3.630  15.000  11.519  36.053
3.640  15.000  12.153  45.693
3.650  15.000  12.604  57.678
3.660  15.000  13.311  70.136
3.670  15.000  12.995  83.648
3.680  15.000  14.422  96.852
3.690  15.000  14.172  107.932
3.700  15.000  14.589  119.147
3.710  15.000  14.866  130.158
3.720  15.000  14.445  140.967
3.730  15.000  14.999  152.188
3.740  15.000  14.909  163.581
3.750  15.000  14.647  175.014
3.760  15.000  15.618  186.237
3.770  15.000  15.733  197.127
3.780  15.000  15.525  209.438
3.790  15.000  15.975  221.791
3.800  15.000  15.710  232.519
3.810  15.000  15.936  243.095
3.820  15.000  16.140  253.996
3.830  15.000  16.042  265.005
3.840  15.000  15.732  275.854
3.850  15.000  16.749  286.136
3.860  15.000  16.947  295.208
3.870  15.000  16.109  304.541
3.880  15.000  16.122  313.939
3.890  15.000  15.940  322.745
3.900  15.000  16.029  331.987
3.910  15.000  15.073  341.196
3.920  15.000  15.313  349.878
3.930  15.000  15.391  357.725
3.940  15.000  15.590  364.418
3.950  15.000  15.683  370.838
3.960  15.000  15.236  377.543
3.970  15.000  15.494  384.195
3.980  15.000  15.801  390.474
3.990  15.000  15.453  396.377
4.000  15.000  15.357  402.628
4.010  15.000  15.656  409.114
4.020  15.000  15.553  415.351
4.030  15.000  16.015  421.207
4.040  15.000  15.300  426.725
4.050  15.000  15.466  432.031
4.060  15.000  15.237  437.146
4.070  15.000  16.048  442.029
4.080  15.000  15.636  446.706
4.090  15.000  15.407  451.385
4.100  15.000  15.429  456.004
4.110  15.000  15.822  460.552
4.120  15.000  15.535  464.930
4.130  15.000  15.641  468.997
4.140  15.000  15.361  472.892
4.150  15.000  15.620  476.624
4.160  15.000  15.760  480.086
4.170  15.000  15.726  483.281
4.180  15.000  15.811  485.896
4.190  15.000  15.536  488.075
4.200  15.000  15.712  490.204
4.210  15.000  15.792  492.239
4.220  15.000  15.702  494.253
4.230  15.000  15.638  496.430
4.240  15.000  15.598  498.632
4.250  15.000  15.614  500.615
4.260  15.000  15.844  502.438
4.270  15.000  15.625  504.097
4.280  15.000  15.483  505.486
4.290  15.000  15.391  506.746
4.300  15.000  15.539  507.827
4.310  15.000  15.634  508.776
4.320  15.000  15.521  509.458
4.330  15.000  15.256  509.832
4.340  15.000  15.524  510.270
4.350  15.000  15.293  510.803
4.360  15.000  15.405  511.122
4.370  15.000  15.407  511.313
4.380  15.000  15.383  511.550
4.390  15.000  15.521  511.638
4.400  15.000  15.384  511.505
4.410  15.000  15.244  511.322
4.420  15.000  15.201  511.188
4.430  15.000  15.503  510.931
4.440  15.000  15.402  510.478
4.450  15.000  15.277  509.839
4.460  15.000  15.244  509.284
4.470  15.000  15.214  508.834
4.480  15.000  15.174  508.224
4.490  15.000  15.324  507.502
4.500  15.000  15.116  506.782
4.510  15.000  15.158  505.889
4.520  5.000  14.872  504.743
4.530  5.000  14.809  503.198
4.540  5.000  13.367  500.369
4.550  5.000  12.394  496.380
4.560  5.000  11.967  491.504
4.570  5.000  11.372  485.970
4.580  5.000  11.068  480.210
4.590  5.000  10.619  473.443
4.600  5.000  10.232  466.059
4.610  5.000  10.140  458.808
4.620  5.000  10.126  451.277
4.630  5.000  9.999  444.485
4.640  5.000  9.714  438.026
4.650  5.000  9.603  430.860
4.660  5.000  9.631  424.485
4.670  5.000  9.395  418.234
4.680  5.000  9.378  411.704
4.690  5.000  9.196  405.117
4.700  5.000  9.272  398.127
4.710  5.000  9.045  391.866
4.720  5.000  9.041  386.273
4.730  5.000  8.985  380.125
4.740  5.000  8.877  373.196
4.750  5.000  8.653  366.161
4.760  5.000  8.616  359.946
4.770  5.000  8.581  354.165
4.780  5.000  8.452  347.697
4.790  5.000  8.670  341.385
4.800  5.000  8.259  335.168
4.810  5.000  8.262  328.999
4.820  5.000  8.154  323.353
4.830  5.000  8.033  317.771
4.840  5.000  8.091  311.619
4.850  5.000  7.867  305.511
4.860  5.000  7.859  300.098
4.870  5.000  7.646  294.580
4.880  5.000  7.606  289.135
4.890  5.000  7.496  283.090
4.900  5.000  7.450  276.514
4.910  5.000  7.322  270.067
4.920  5.000  7.307  264.111
4.930  5.000  7.299  258.703
4.940  5.000  7.233  252.919
4.950  5.000  7.106  246.833
4.960  5.000  7.070  240.847
4.970  5.000  6.901  235.190
4.980  5.000  6.877  229.972
4.990  5.000  6.758  225.127
5.000  5.000  6.673  219.820
5.010  5.000  6.625  214.195
5.020  5.000  6.506  209.169
5.030  5.000  6.573  204.413
5.040  5.000  6.436  199.686
5.050  5.000  6.258  195.003
5.060  5.000  6.315  190.428
5.070  5.000  6.262  185.807
5.080  5.000  6.196  181.051
5.090  5.000  5.979  175.825
5.100  5.000  5.886  170.581
5.110  5.000  5.929  165.728
5.120  5.000  5.894  160.876
5.130  5.000  5.779  155.732
5.140  5.000  5.758  150.129
5.150  5.000  5.617  144.482
5.160  5.000  5.557  138.862
5.170  5.000  5.508  133.334
5.180  5.000  5.450  127.898
5.190  5.000  5.335  122.961
5.200  5.000  5.358  118.491
5.210  5.000  5.270  113.427
5.220  5.000  5.162  107.929
5.230  5.000  5.128  102.744
5.240  5.000  5.070  98.146
5.250  5.000  5.016  93.882
5.260  5.000  5.016  89.704
5.270  5.000  4.939  85.584
5.280  5.000  4.823  81.473
5.290  5.000  4.741  77.082
5.300  5.000  4.793  72.795
5.310  5.000  4.798  68.783
5.320  5.000  4.619  64.201
5.330  5.000  4.660  59.532
5.340  5.000  4.546  55.316
5.350  5.000  4.443  51.004
5.360  5.000  4.441  46.760
5.370  5.000  4.362  42.952
5.380  5.000  4.314  39.207
5.390  5.000  4.173  35.408
5.400  5.000  4.243  31.480
5.410  5.000  4.116  27.648
5.420  5.000  4.157  24.015
5.430  5.000  4.068  20.377
5.440  5.000  4.087  16.678
5.450  5.000  4.130  12.969
5.460  5.000  4.095  9.431
5.470  5.000  4.029  5.473
5.480  5.000  4.033  1.482
5.490  5.000  3.939  -1.957
5.500  5.000  3.889  -5.282
5.510  5.000  3.811  -8.473
5.520  5.000  3.807  -11.663
5.530  5.000  3.825  -14.888
5.540  5.000  3.800  -18.429
5.550  5.000  3.829  -21.942
5.560  5.000  3.862  -24.920
5.570  5.000  3.799  -27.591
5.580  5.000  3.811  -30.222
5.590  5.000  3.819  -32.881
5.600  5.000  3.698  -35.435
5.610  5.000  3.707  -38.046
5.620  5.000  3.705  -40.553
5.630  5.000  3.731  -42.872
5.640  5.000  3.770  -45.167
5.650  5.000  3.740  -47.328
5.660  5.000  3.819  -49.374
5.670  5.000  3.814  -51.275
5.680  5.000  3.820  -52.958
5.690  5.000  3.831  -54.525
5.700  5.000  3.723  -56.155
5.710  5.000  3.724  -57.677
5.720  5.000  3.762  -58.873
5.730  5.000  3.791  -60.023
5.740  5.000  3.872  -61.257
5.750  5.000  3.858  -62.083
5.760  5.000  4.081  -62.425
5.770  5.000  3.917  -62.471
5.780  5.000  3.947  -62.192
5.790  5.000  3.930  -61.587
5.800  5.000  3.979  -60.350
5.810  5.000  4.066  -58.972
5.820  5.000  4.007  -58.063
5.830  5.000  3.850  -57.352
5.840  5.000  3.926  -56.627
5.850  5.000  4.070  -55.624
5.860  5.000  4.318  -54.271
5.870  5.000  4.157  -52.511
5.880  5.000  4.410  -50.565
5.890  5.000  4.356  -48.214
5.900  5.000  4.499  -45.459
5.910  5.000  4.642  -42.646
5.920  5.000  4.864  -39.816
5.930  5.000  4.887  -37.160
5.940  5.000  5.055  -34.601
5.950  5.000  4.791  -31.932
5.960  5.000  5.088  -29.238
5.970  5.000  5.057  -26.788
5.980  5.000  5.167  -24.469
5.990  5.000  5.042  -22.214
6.000  5.000  5.104  -19.980
6.010  5.000  5.399  -17.979
6.020  5.000  5.305  -15.901
6.030  5.000  5.136  -13.489
6.040  5.000  5.242  -11.084
6.050  5.000  5.298  -8.860
6.060  5.000  5.444  -7.111
6.070  5.000  5.238  -5.544
6.080  5.000  5.283  -3.972
6.090  5.000  5.329  -2.609
6.100  5.000  5.246  -1.367
6.110  5.000  5.443  -0.187
6.120  5.000  5.404  1.110
6.130  5.000  5.427  2.410
6.140  5.000  5.486  3.418
6.150  5.000  5.474  4.264
6.160  5.000  5.428  4.974
6.170  5.000  5.513  5.371
6.180  5.000  5.305  5.746
6.190  5.000  5.283  6.213
6.200  5.000  5.454  6.502
6.210  5.000  5.506  6.595
6.220  5.000  5.508  6.683
6.230  5.000  5.315  6.858
6.240  5.000  5.491  7.176
6.250  5.000  5.479  7.419
6.260  5.000  5.454  7.522
6.270  5.000  5.526  7.652
6.280  5.000  5.360  7.778
6.290  5.000  5.345  7.945
6.300  5.000  5.433  8.033
6.310  5.000  5.378  8.023
6.320  5.000  5.283  8.106
6.330  5.000  5.388  8.088
6.340  5.000  5.296  7.619
6.350  5.000  5.379  6.898
6.360  5.000  5.293  6.191
6.370  5.000  5.339  5.524
6.380  5.000  5.274  4.804
6.390  5.000  5.289  4.063
6.400  5.000  5.223  3.020
6.410  5.000  5.148  1.713
6.420  5.000  5.047  0.621
6.430  5.000  5.024  -0.369
6.440  5.000  5.040  -1.467
6.450  5.000  5.081  -2.541
6.460  5.000  5.089  -3.547
6.470  5.000  4.875  -4.482
6.480  5.000  4.982  -5.423
6.490  5.000  4.908  -6.553
6.500  5.000  4.980  -7.680
6.510  5.000  4.822  -8.584
6.520  5.000  4.895  -9.283
6.530  6.000  4.936  -9.887
6.540  7.000  5.063  -10.422
6.550  8.000  4.958  -10.695
6.560  9.000  5.206  -10.614
6.570  10.000  5.124  -10.127
6.580  11.000  5.573  -8.774
6.590  12.000  6.137  -6.569
6.600  13.000  7.147  -3.381
6.610  14.000  7.454  1.700
6.620  15.000  8.390  8.327
6.630  15.000  10.386  15.793
6.640  15.000  11.310  24.982
6.650  15.000  11.852  36.649
6.660  15.000  13.321  47.820
6.670  15.000  13.059  59.020
6.680  15.000  13.966  70.743
6.690  15.000  14.408  81.453
6.700  15.000  14.608  92.984
6.710  15.000  14.771  104.536
6.720  15.000  14.667  115.894
6.730  15.000  15.167  127.196
6.740  15.000  15.318  138.072
6.750  15.000  15.181  148.965
6.760  15.000  15.260  160.541
6.770  15.000  15.582  171.949
6.780  15.000  15.545  183.843
6.790  15.000  16.115  195.690
6.800  15.000  16.325  206.199
6.810  15.000  16.006  216.795
6.820  15.000  15.921  227.501
6.830  15.000  16.430  239.894
6.840  15.000  16.183  252.905
6.850  15.000  16.738  263.871
6.860  15.000  15.895  273.818
6.870  15.000  16.197  283.380
6.880  15.000  15.412  292.914
6.890  15.000  16.329  302.207
6.900  15.000  15.870  310.898
6.910  15.000  15.594  319.804
6.920  15.000  15.540  328.359
6.930  15.000  14.752  335.817
6.940  15.000  15.195  342.860
6.950  15.000  15.159  350.021
6.960  15.000  15.081  357.366
6.970  15.000  15.290  364.785
6.980  15.000  15.456  371.919
6.990  15.000  15.462  378.812
7.000  15.000  15.360  385.675
7.010  15.000  15.525  392.613
7.020  15.000  15.696  399.093
7.030  15.000  15.914  405.073
7.040  15.000  15.973  410.897
7.050  15.000  15.807  416.569
7.060  15.000  15.449  421.926
7.070  15.000  15.676  427.118
7.080  15.000  15.270  432.472
7.090  15.000  15.433  437.528
7.100  15.000  15.688  442.128
7.110  15.000  15.352  446.738
7.120  15.000  15.694  451.300
7.130  15.000  15.847  455.561
7.140  15.000  15.784  459.589
7.150  15.000  15.733  463.183
7.160  15.000  15.445  466.595
7.170  15.000  15.284  470.111
7.180  15.000  15.319  473.321
7.190  15.000  15.452  476.148
7.200  15.000  15.660  478.633
7.210  15.000  15.521  480.900
7.220  15.000  15.717  483.170
7.230  15.000  15.652  485.452
7.240  15.000  15.690  487.605
7.250  15.000  15.848  489.661
7.260  15.000  15.640  491.723
7.270  15.000  15.652  493.837
7.280  15.000  15.730  495.851
7.290  15.000  15.779  497.564
7.300  15.000  15.546  498.927
7.310  15.000  15.678  500.067
7.320  15.000  15.321  501.172
7.330  15.000  15.513  502.039
7.340  15.000  15.521  502.588
7.350  15.000  15.654  502.883
7.360  15.000  15.379  503.111
7.370  15.000  15.549  503.392
7.380  15.000  15.241  503.797
7.390  15.000  15.520  504.221
7.400  15.000  15.199  504.533
7.410  15.000  15.302  504.903
7.420  15.000  15.442  505.164
7.430  15.000  15.461  504.999
7.440  15.000  15.233  504.682
7.450  15.000  15.408  504.342
7.460  15.000  15.369  503.858
7.470  15.000  15.305  503.272
7.480  15.000  15.061  502.610
7.490  15.000  15.280  501.916
7.500  15.000  14.854  501.229
7.510  15.000  15.162  500.534
7.520  15.000  15.076  499.736
7.530  5.000  15.029  498.899
7.540  5.000  15.120  497.699
7.550  5.000  13.262  495.129
7.560  5.000  12.516  491.362
7.570  5.000  11.856  486.877
7.580  5.000  11.554  481.337
7.590  5.000  11.217  475.479
7.600  5.000  10.662  469.688
7.610  5.000  10.250  463.077
7.620  5.000  10.150  455.965
7.630  5.000  10.172  448.810
7.640  5.000  10.035  441.441
7.650  5.000  9.960  434.653
7.660  5.000  9.647  427.778
7.670  5.000  9.753  420.988
7.680  5.000  9.634  415.189
7.690  5.000  9.492  408.832
7.700  5.000  9.433  401.726
7.710  5.000  9.367  395.285
7.720  5.000  9.335  388.656
7.730  5.000  8.946  381.386
7.740  5.000  8.884  374.336
7.750  5.000  8.838  367.863
7.760  5.000  8.884  362.095
7.770  5.000  8.768  356.527
7.780  5.000  8.624  351.063
7.790  5.000  8.431  344.858
7.800  5.000  8.474  338.321
7.810  5.000  8.333  332.605
7.820  5.000  8.351  327.418
7.830  5.000  8.262  321.981
7.840  5.000  8.152  316.221
7.850  5.000  7.987  310.575
7.860  5.000  7.877  304.587
7.870  5.000  7.827  298.034
7.880  5.000  7.661  291.526
7.890  5.000  7.649  285.709
7.900  5.000  7.610  280.220
7.910  5.000  7.420  274.681
7.920  5.000  7.387  269.208
7.930  5.000  7.380  263.560
7.940  5.000  7.379  257.911
7.950  5.000  7.072  252.139
7.960  5.000  7.046  246.379
7.970  5.000  6.974  240.623
7.980  5.000  6.833  234.446
7.990  5.000  6.754  228.427
8.000  5.000  6.775  222.940
8.010  5.000  6.637  217.468
8.020  5.000  6.609  212.180
8.030  5.000  6.660  206.923
8.040  5.000  6.555  201.071
8.050  5.000  6.443  195.674
8.060  5.000  6.315  190.776
8.070  5.000  6.275  185.504
8.080  5.000  6.256  180.271
8.090  5.000  6.142  175.091
8.100  5.000  6.011  169.849
8.110  5.000  6.091  165.070
8.120  5.000  5.912  159.986
8.130  5.000  5.910  154.819
8.140  5.000  5.748  150.390
8.150  5.000  5.780  145.895
8.160  5.000  5.633  140.720
8.170  5.000  5.698  135.240
8.180  5.000  5.613  130.131
8.190  5.000  5.477  125.237
8.200  5.000  5.347  120.676
8.210  5.000  5.306  116.464
8.220  5.000  5.210  111.442
8.230  5.000  5.267  105.893
8.240  5.000  5.102  100.729
8.250  5.000  5.112  95.681
8.260  5.000  4.950  90.608
8.270  5.000  4.930  86.027
8.280  5.000  4.888  81.929
8.290  5.000  4.877  77.885
8.300  5.000  4.748  73.917
8.310  5.000  4.801  69.824
8.320  5.000  4.747  65.598
8.330  5.000  4.684  61.515
8.340  5.000  4.607  57.119
8.350  5.000  4.547  52.855
8.360  5.000  4.441  49.115
8.370  5.000  4.469  45.134
8.380  5.000  4.436  40.842
8.390  5.000  4.433  36.284
8.400  5.000  4.333  31.527
8.410  5.000  4.324  27.098
8.420  5.000  4.198  22.956
8.430  5.000  4.151  19.016
8.440  5.000  4.046  15.021
8.450  5.000  4.070  10.625
8.460  5.000  4.094  6.392
8.470  5.000  4.093  2.478
8.480  5.000  4.066  -1.541
8.490  5.000  4.057  -5.685
8.500  5.000  3.969  -9.784
8.510  5.000  3.939  -13.358
8.520  5.000  3.854  -16.466
8.530  5.000  3.830  -19.627
8.540  5.000  3.840  -22.750
8.550  5.000  3.883  -25.731
8.560  5.000  3.865  -28.515
8.570  5.000  3.843  -31.126
8.580  5.000  3.839  -33.708
8.590  5.000  3.812  -36.314
8.600  5.000  3.807  -38.898
8.610  5.000  3.734  -41.689
8.620  5.000  3.742  -44.301
8.630  5.000  3.711  -46.501
8.640  5.000  3.739  -48.624
8.650  5.000  3.692  -50.732
8.660  5.000  3.748  -52.817
8.670  5.000  3.762  -54.899
8.680  5.000  3.808  -56.870
8.690  5.000  3.770  -58.529
8.700  5.000  3.704  -59.797
8.710  5.000  3.779  -60.976
8.720  5.000  3.736  -62.366
8.730  5.000  3.691  -63.861
8.740  5.000  3.749  -65.368
8.750  5.000  3.705  -66.624
8.760  5.000  3.822  -67.355
8.770  5.000  3.898  -67.592
8.780  5.000  3.856  -67.593
8.790  5.000  3.949  -67.258
8.800  5.000  3.929  -66.623
8.810  5.000  4.017  -65.816
8.820  5.000  3.958  -64.852
8.830  5.000  4.024  -64.055
8.840  5.000  4.057  -63.184
8.850  5.000  4.046  -61.967
8.860  5.000  4.123  -60.791
8.870  5.000  4.303  -59.595
8.880  5.000  4.195  -57.798
8.890  5.000  4.375  -55.845
8.900  5.000  4.504  -53.918
8.910  5.000  4.644  -51.661
8.920  5.000  4.506  -49.099
8.930  5.000  4.666  -46.336
8.940  5.000  4.622  -43.736
8.950  5.000  4.797  -41.231
8.960  5.000  4.827  -38.660
8.970  5.000  4.795  -35.885
8.980  5.000  4.994  -32.995
8.990  5.000  5.263  -30.330
9.000  5.000  5.102  -27.669
9.010  5.000  5.047  -24.961
9.020  5.000  5.225  -22.254
9.030  5.000  5.195  -19.423
9.040  5.000  5.349  -16.603
9.050  5.000  5.345  -14.141
9.060  5.000  5.353  -12.185
9.070  5.000  5.241  -10.247
9.080  5.000  5.384  -8.111
9.090  5.000  5.518  -6.140
9.100  5.000  5.314  -4.406
9.110  5.000  5.380  -2.727
9.120  5.000  5.330  -1.260
9.130  5.000  5.444  0.025
9.140  5.000  5.428  1.258
9.150  5.000  5.354  2.307
9.160  5.000  5.416  3.320
9.170  5.000  5.210  4.294
9.180  5.000  5.455  5.137
9.190  5.000  5.566  5.787
9.200  5.000  5.425  6.331
9.210  5.000  5.372  6.965
9.220  5.000  5.450  7.496
9.230  5.000  5.373  7.854
9.240  5.000  5.403  8.053
9.250  5.000  5.443  8.392
9.260  5.000  5.411  8.951
9.270  5.000  5.520  9.446
9.280  5.000  5.506  9.794
9.290  5.000  5.505  9.991
9.300  5.000  5.455  10.218
9.310  5.000  5.376  10.568
9.320  5.000  5.419  10.981
9.330  5.000  5.139  11.230
9.340  5.000  5.406  11.254
9.350  5.000  5.347  11.009
9.360  5.000  5.449  10.536
9.370  5.000  5.298  9.956
9.380  5.000  5.354  9.342
9.390  5.000  5.286  8.772
9.400  5.000  5.326  8.110
9.410  5.000  5.342  7.141
9.420  5.000  5.298  5.945
9.430  5.000  5.167  4.703
9.440  5.000  5.117  3.341
9.450  5.000  5.105  1.906
9.460  5.000  4.988  0.557
9.470  5.000  5.019  -0.743
9.480  5.000  5.019  -2.202
9.490  5.000  4.911  -3.665
9.500  5.000  4.928  -5.095
9.510  5.000  4.899  -6.534
9.520  5.000  4.861  -7.903
9.530  5.000  4.889  -9.294
9.540  6.000  4.914  -10.635
9.550  7.000  4.967  -11.669
9.560  8.000  5.143  -12.146
9.570  9.000  5.084  -12.129
9.580  10.000  4.921  -11.662
9.590  11.000  5.575  -10.255
9.600  12.000  5.881  -7.865
9.610  13.000  7.209  -4.546
9.620  14.000  7.713  0.716
9.630  15.000  8.564  8.044
9.640  15.000  9.848  16.416
9.650  15.000  11.387  25.354
9.660  15.000  11.894  35.077
9.670  15.000  12.852  45.534
9.680  15.000  13.694  56.427
9.690  15.000  14.075  67.666
9.700  15.000  13.517  79.732
9.710  15.000  14.085  92.324
9.720  15.000  14.116  106.330
9.730  15.000  14.599  120.424
9.740  15.000  13.947  134.083
9.750  15.000  15.614  147.475
9.760  15.000  14.995  159.556
9.770  15.000  14.555  172.710
9.780  15.000  15.426  185.296
9.790  15.000  15.827  196.192
9.800  15.000  15.778  207.264
9.810  15.000  16.254  218.636
9.820  15.000  16.260  229.454
9.830  15.000  16.661  240.373
9.840  15.000  16.215  251.767
9.850  15.000  16.353  262.383
9.860  15.000  16.504  272.461
9.870  15.000  16.446  282.568
9.880  15.000  16.084  292.563
9.890  15.000  16.091  302.755
9.900  15.000  15.693  312.640
9.910  15.000  15.314  321.861
9.920  15.000  15.612  331.211
9.930  15.000  15.440  340.204
9.940  15.000  15.796  348.288
9.950  15.000  16.044  355.915
9.960  15.000  15.248  363.236
9.970  15.000  14.729  370.104
9.980  15.000  14.967  376.962
9.990  15.000  15.308  383.895
10.000  15.000  15.906  390.096
10.010  15.000  15.391  396.060
10.020  15.000  15.315  402.602
10.030  15.000  15.614  409.072
10.040  15.000  15.772  415.139
10.050  15.000  15.624  420.926
10.060  15.000  15.649  426.426
10.070  15.000  15.592  431.589
10.080  15.000  15.278  436.484
10.090  15.000  15.566  441.267
10.100  15.000  15.510  445.919
10.110  15.000  15.487  450.457
10.120  15.000  15.513  454.922
10.130  15.000  15.631  459.381
10.140  15.000  15.616  463.936
10.150  15.000  15.595  468.401
10.160  15.000  15.414  472.550
10.170  15.000  15.589  476.320
10.180  15.000  15.557  480.019
10.190  15.000  15.611  483.460
10.200  15.000  15.641  486.282
10.210  15.000  15.453  488.847
10.220  15.000  15.526  491.227
10.230  15.000  15.761  493.575
10.240  15.000  15.819  495.882
10.250  15.000  15.933  498.063
10.260  15.000  16.048  500.253
10.270  15.000  15.740  502.378
10.280  15.000  15.745  504.215
10.290  15.000  15.582  505.687
10.300  15.000  15.691  506.936
10.310  15.000  15.327  507.965
10.320  15.000  15.668  508.675
10.330  15.000  15.510  508.998
10.340  15.000  15.722  509.128
10.350  15.000  15.330  509.415
10.360  15.000  15.608  509.825
10.370  15.000  15.242  510.262
10.380  15.000  15.564  510.790
10.390  15.000  15.166  511.249
10.400  15.000  15.459  511.611
10.410  15.000  15.177  512.106
10.420  15.000  15.371  512.603
10.430  15.000  15.353  512.743
10.440  15.000  15.339  512.600
10.450  15.000  15.390  512.254
10.460  15.000  15.198  511.793
10.470  15.000  15.260  511.448
10.480  15.000  15.254  511.055
10.490  15.000  15.226  510.390
10.500  15.000  14.870  509.565
10.510  15.000  15.063  508.817
10.520  15.000  14.998  508.204
10.530  15.000  15.132  507.665
10.540  5.000  15.238  507.163
10.550  5.000  14.518  506.357
10.560  5.000  13.221  504.064
10.570  5.000  12.506  500.211
10.580  5.000  11.856  495.745
10.590  5.000  11.498  490.688
10.600  5.000  11.295  484.539
10.610  5.000  10.507  478.024
10.620  5.000  10.184  470.910
10.630  5.000  10.125  462.964
10.640  5.000  9.960  455.961
10.650  5.000  9.940  449.596
10.660  5.000  9.733  443.210
10.670  5.000  9.513  436.969
10.680  5.000  9.608  431.066
10.690  5.000  9.479  425.379
10.700  5.000  9.340  419.384
10.710  5.000  9.208  413.261
10.720  5.000  9.148  406.744
10.730  5.000  8.952  399.992
10.740  5.000  9.087  393.941
10.750  5.000  8.911  388.546
10.760  5.000  8.718  382.669
10.770  5.000  8.784  376.111
10.780  5.000  8.774  369.245
10.790  5.000  8.621  362.198
10.800  5.000  8.523  355.772
10.810  5.000  8.465  349.374
10.820  5.000  8.228  342.805
10.830  5.000  8.203  336.299
10.840  5.000  8.086  330.232
10.850  5.000  8.045  324.908
10.860  5.000  7.952  319.059
10.870  5.000  7.802  312.835
10.880  5.000  7.850  307.247
10.890  5.000  7.731  302.304
10.900  5.000  7.584  297.499
10.910  5.000  7.591  292.483
10.920  5.000  7.406  286.901
10.930  5.000  7.418  280.775
10.940  5.000  7.405  274.577
10.950  5.000  7.205  268.264
10.960  5.000  7.216  262.413
10.970  5.000  7.028  256.842
10.980  5.000  7.016  250.972
10.990  5.000  6.978  245.504
11.000  5.000  6.858  239.951
11.010  5.000  6.800  234.377
11.020  5.000  6.695  229.314
11.030  5.000  6.664  223.932
11.040  5.000  6.562  218.416
11.050  5.000  6.411  213.517
11.060  5.000  6.377  208.845
11.070  5.000  6.269  203.875
11.080  5.000  6.167  199.024
11.090  5.000  6.223  194.600
11.100  5.000  6.092  189.583
11.110  5.000  6.024  183.775
11.120  5.000  5.906  178.168
11.130  5.000  5.834  172.919
11.140  5.000  5.761  167.681
11.150  5.000  5.660  162.793
11.160  5.000  5.689  158.264
11.170  5.000  5.563  153.772
11.180  5.000  5.557  148.983
11.190  5.000  5.684  144.221
11.200  5.000  5.333  139.268
11.210  5.000  5.354  134.370
11.220  5.000  5.279  130.265
11.230  5.000  5.210  125.591
11.240  5.000  5.151  120.363
11.250  5.000  5.104  115.628
11.260  5.000  5.019  111.007
11.270  5.000  4.948  106.513
11.280  5.000  4.877  102.272
11.290  5.000  4.795  97.681
11.300  5.000  4.735  92.863
11.310  5.000  4.720  88.531
11.320  5.000  4.666  84.499
11.330  5.000  4.647  80.002
11.340  5.000  4.618  75.126
11.350  5.000  4.572  70.534
11.360  5.000  4.532  66.489
11.370  5.000  4.509  62.611
11.380  5.000  4.462  58.801
11.390  5.000  4.454  54.500
11.400  5.000  4.376  50.278
11.410  5.000  4.314  46.791
11.420  5.000  4.252  42.953
11.430  5.000  4.134  39.095
11.440  5.000  4.093  35.327
11.450  5.000  4.102  31.521
11.460  5.000  4.137  28.082
11.470  5.000  4.063  24.676
11.480  5.000  4.099  21.352
11.490  5.000  4.057  17.774
11.500  5.000  4.059  14.136
11.510  5.000  3.943  10.888
11.520  5.000  3.883  7.656
11.530  5.000  3.838  4.396
11.540  5.000  3.841  1.212
11.550  5.000  3.888  -2.085
11.560  5.000  3.888  -5.756
11.570  5.000  3.846  -9.078
11.580  5.000  3.914  -11.700
11.590  5.000  3.854  -14.194
11.600  5.000  3.823  -16.813
11.610  5.000  3.813  -19.593
11.620  5.000  3.751  -22.059
11.630  5.000  3.755  -24.126
11.640  5.000  3.760  -26.226
11.650  5.000  3.735  -28.472
11.660  5.000  3.727  -30.731
11.670  5.000  3.751  -32.928
11.680  5.000  3.806  -34.864
11.690  5.000  3.804  -36.511
11.700  5.000  3.786  -37.981
11.710  5.000  3.793  -39.258
11.720  5.000  3.805  -40.487
11.730  5.000  3.602  -41.596
11.740  5.000  3.740  -42.550
11.750  5.000  3.724  -43.515
11.760  5.000  3.737  -44.515
11.770  5.000  3.822  -45.329
11.780  5.000  3.975  -45.626
11.790  5.000  3.936  -45.423
11.800  5.000  3.846  -44.776
11.810  5.000  3.986  -43.810
11.820  5.000  3.831  -42.910
11.830  5.000  3.773  -42.184
11.840  5.000  3.942  -41.509
11.850  5.000  4.001  -40.707
11.860  5.000  3.918  -39.475
11.870  5.000  4.152  -37.876
11.880  5.000  4.413  -36.201
11.890  5.000  4.246  -34.379
11.900  5.000  4.686  -32.569
11.910  5.000  4.621  -30.758
11.920  5.000  4.650  -28.547
11.930  5.000  4.753  -26.132
11.940  5.000  4.848  -23.880
11.950  5.000  4.934  -21.595
11.960  5.000  4.920  -19.098
11.970  5.000  5.029  -16.573
11.980  5.000  5.092  -14.158
11.990  5.000  5.008  -11.606
12.000  5.000  5.023  -8.971
12.010  5.000  5.092  -6.590
12.020  5.000  5.170  -4.229
12.030  5.000  5.326  -1.943
12.040  5.000  5.383  0.075
12.050  5.000  5.432  2.082
12.060  5.000  5.304  4.252
12.070  5.000  5.259  6.356
12.080  5.000  5.234  8.204
12.090  5.000  5.525  9.846
12.100  5.000  5.264  11.354
12.110  5.000  5.341  12.856
12.120  5.000  5.275  14.535
12.130  5.000  5.440  15.947
12.140  5.000  5.463  16.909
12.150  5.000  5.514  18.026
12.160  5.000  5.398  19.096
12.170  5.000  5.382  19.649
12.180  5.000  5.281  19.905
12.190  5.000  5.392  20.109
12.200  5.000  5.280  20.235
12.210  5.000  5.258  20.515
12.220  5.000  5.392  20.958
12.230  5.000  5.418  21.276
12.240  5.000  5.454  21.516
12.250  5.000  5.376  21.719
12.260  5.000  5.435  21.917
12.270  5.000  5.364  22.315
12.280  5.000  5.337  22.845
12.290  5.000  5.390  23.095
12.300  5.000  5.304  23.234
12.310  5.000  5.454  23.655
12.320  5.000  5.361  23.803
12.330  5.000  5.459  23.629
12.340  5.000  5.240  23.758
12.350  5.000  5.329  23.923
12.360  5.000  5.380  23.710
12.370  5.000  5.337  23.289
12.380  5.000  5.267  22.900
12.390  5.000  5.304  22.564
12.400  5.000  5.111  22.249
12.410  5.000  5.218  21.805
12.420  5.000  5.060  21.112
12.430  5.000  5.145  20.377
12.440  5.000  5.086  19.757
12.450  5.000  5.073  19.146
12.460  5.000  5.070  18.420
12.470  5.000  5.035  17.689
12.480  5.000  5.116  16.941
12.490  5.000  4.919  16.132
12.500  5.000  4.989  15.272
12.510  5.000  4.924  14.424
12.520  5.000  4.901  13.826
12.530  5.000  5.044  13.252
12.540  5.000  4.860  12.625
12.550  6.000  4.974  12.036
12.560  7.000  5.055  11.348
12.570  8.000  5.034  10.992
12.580  9.000  5.095  11.240
12.590  10.000  5.075  11.968
12.600  11.000  5.708  13.403
12.610  12.000  6.214  15.576
12.620  13.000  7.188  18.903
12.630  14.000  7.880  23.746
12.640  15.000  8.708  30.098
12.650  15.000  10.112  37.653
12.660  15.000  11.319  46.375
12.670  15.000  11.704  56.936
12.680  15.000  13.025  67.512
12.690  15.000  13.371  77.893
12.700  15.000  13.113  90.909
12.710  15.000  13.517  104.457
12.720  15.000  14.371  116.632
12.730  15.000  13.973  130.214
12.740  15.000  15.217  143.022
12.750  15.000  14.262  153.537
12.760  15.000  15.381  164.373
12.770  15.000  15.329  175.268
12.780  15.000  15.036  186.171
12.790  15.000  15.701  197.362
12.800  15.000  15.840  208.580
12.810  15.000  15.067  219.626
12.820  15.000  15.551  230.433
12.830  15.000  16.027  240.922
12.840  15.000  16.302  251.509
12.850  15.000  16.048  262.110
12.860  15.000  16.521  271.706
12.870  15.000  16.065  280.833
12.880  15.000  16.446  290.648
12.890  15.000  16.581  301.341
12.900  15.000  16.352  311.733
12.910  15.000  16.289  321.418
12.920  15.000  15.848  330.806
12.930  15.000  16.177  339.764
12.940  15.000  16.407  347.958
12.950  15.000  14.974  356.050
12.960  15.000  14.204  364.383
12.970  15.000  15.347  371.773
12.980  15.000  15.742  378.541
12.990  15.000  15.162  385.331
13.000  15.000  15.403  392.002
13.010  15.000  15.363  398.206
13.020  15.000  15.780  403.999
13.030  15.000  15.356  409.942
13.040  15.000  15.323  415.827
13.050  15.000  15.863  421.563
13.060  15.000  15.753  427.201
13.070  15.000  15.190  432.626
13.080  15.000  15.636  437.851
13.090  15.000  15.497  442.896
13.100  15.000  15.515  447.824
13.110  15.000  15.440  452.532
13.120  15.000  15.788  456.972
13.130  15.000  15.573  461.286
13.140  15.000  15.535  465.512
13.150  15.000  15.498  469.797
13.160  15.000  15.619  473.977
13.170  15.000  15.316  477.967
13.180  15.000  15.751  481.671
13.190  15.000  15.492  484.999
13.200  15.000  15.558  487.887
13.210  15.000  15.712  490.254
13.220  15.000  15.468  492.578
13.230  15.000  15.538  494.935
13.240  15.000  15.506  497.266
13.250  15.000  15.558  499.424
13.260  15.000  15.668  501.501
13.270  15.000  15.340  503.757
13.280  15.000  15.626  506.151
13.290  15.000  15.448  508.559
13.300  15.000  15.598  510.744
13.310  15.000  15.587  512.682
13.320  15.000  15.615  514.402
13.330  15.000  15.770  515.884
13.340  15.000  15.375  517.130
13.350  15.000  15.631  517.949
13.360  15.000  15.651  518.397
13.370  15.000  15.277  518.852
13.380  15.000  15.721  519.350
13.390  15.000  15.431  519.753
13.400  15.000  15.428  520.084
13.410  15.000  15.500  520.262
13.420  15.000  15.425  520.329
13.430  15.000  15.506  520.448
13.440  15.000  15.477  520.526
13.450  15.000  15.353  520.405
13.460  15.000  15.099  520.320
13.470  15.000  15.447  520.304
13.480  15.000  15.305  519.865
13.490  15.000  15.377  519.142
13.500  15.000  15.217  518.430
13.510  15.000  15.005  517.825
13.520  15.000  15.057  517.278
13.530  15.000  15.039  516.606
13.540  15.000  14.930  515.956
13.550  5.000  15.357  515.311
13.560  5.000  14.634  514.228
13.570  5.000  13.167  511.917
13.580  5.000  12.568  508.397
13.590  5.000  11.971  503.916
13.600  5.000  11.543  498.236
13.610  5.000  11.196  492.178
13.620  5.000  10.822  485.759
13.630  5.000  10.435  478.846
13.640  5.000  10.346  471.567
13.650  5.000  10.177  463.984
13.660  5.000  10.028  456.799
13.670  5.000  9.753  450.039
13.680  5.000  9.737  443.119
13.690  5.000  9.743  435.707
13.700  5.000  9.650  428.867
13.710  5.000  9.722  422.386
13.720  5.000  9.532  415.849
13.730  5.000  9.472  408.998
13.740  5.000  9.326  401.612
13.750  5.000  9.199  395.536
13.760  5.000  8.987  390.302
13.770  5.000  8.912  384.005
13.780  5.000  8.756  377.132
13.790  5.000  8.785  371.032
13.800  5.000  8.693  365.630
13.810  5.000  8.667  360.026
13.820  5.000  8.539  354.229
13.830  5.000  8.490  348.477
13.840  5.000  8.302  342.462
13.850  5.000  8.089  336.446
13.860  5.000  8.068  330.234
13.870  5.000  8.071  323.672
13.880  5.000  8.269  317.708
13.890  5.000  8.079  312.254
13.900  5.000  7.846  306.632
13.910  5.000  7.796  300.655
13.920  5.000  7.505  294.432
13.930  5.000  7.432  288.527
13.940  5.000  7.414  282.783
13.950  5.000  7.261  277.156
13.960  5.000  7.249  272.038
13.970  5.000  7.147  267.119
13.980  5.000  7.135  261.478
13.990  5.000  7.007  255.724
14.000  5.000  6.892  250.021
14.010  5.000  6.834  243.898
14.020  5.000  6.829  238.479
14.030  5.000  6.689  233.422
14.040  5.000  6.611  228.247
14.050  5.000  6.593  222.597
14.060  5.000  6.467  216.575
14.070  5.000  6.514  211.058
14.080  5.000  6.324  206.016
14.090  5.000  6.229  200.470
14.100  5.000  6.179  194.973
14.110  5.000  6.143  190.238
14.120  5.000  6.110  185.636
14.130  5.000  6.048  181.156
14.140  5.000  5.939  176.487
14.150  5.000  5.853  171.723
14.160  5.000  5.894  166.433
14.170  5.000  5.775  161.102
14.180  5.000  5.763  156.025
14.190  5.000  5.539  150.464
14.200  5.000  5.543  145.327
14.210  5.000  5.381  140.338
14.220  5.000  5.393  135.469
14.230  5.000  5.390  130.584
14.240  5.000  5.282  125.155
14.250  5.000  5.210  120.031
14.260  5.000  5.192  114.941
14.270  5.000  5.101  109.985
14.280  5.000  5.034  105.501
14.290  5.000  4.992  100.976
14.300  5.000  4.876  96.420
14.310  5.000  4.813  91.758
14.320  5.000  4.693  87.262
14.330  5.000  4.666  83.080
14.340  5.000  4.573  78.471
14.350  5.000  4.624  73.445
14.360  5.000  4.527  68.548
14.370  5.000  4.459  64.337
14.380  5.000  4.465  60.129
14.390  5.000  4.477  55.788
14.400  5.000  4.402  51.519
14.410  5.000  4.301  46.874
14.420  5.000  4.273  42.276
14.430  5.000  4.253  37.611
14.440  5.000  4.163  33.494
14.450  5.000  4.114  29.993
14.460  5.000  4.119  26.489
14.470  5.000  4.193  23.010
14.480  5.000  4.181  19.557
14.490  5.000  4.097  16.120
14.500  5.000  4.107  12.652
14.510  5.000  4.096  8.868
14.520  5.000  4.001  5.126
14.530  5.000  3.931  1.806
14.540  5.000  3.919  -1.424
14.550  5.000  3.800  -4.708
14.560  5.000  3.874  -8.082
14.570  5.000  3.875  -11.233
14.580  5.000  3.906  -14.026
14.590  5.000  3.878  -16.760
14.600  5.000  3.941  -19.587
14.610  5.000  3.840  -22.378
14.620  5.000  3.760  -25.071
14.630  5.000  3.724  -27.722
14.640  5.000  3.720  -30.296
14.650  5.000  3.709  -32.761
14.660  5.000  3.719  -35.031
14.670  5.000  3.718  -37.223
14.680  5.000  3.728  -39.403
14.690  5.000  3.852  -41.452
14.700  5.000  3.849  -43.411
14.710  5.000  3.913  -45.161
14.720  5.000  3.730  -46.614
14.730  5.000  3.743  -47.963
14.740  5.000  3.692  -49.446
14.750  5.000  3.721  -50.844
14.760  5.000  3.799  -52.118
14.770  5.000  3.769  -53.470
14.780  5.000  3.880  -54.698
14.790  5.000  3.828  -55.236
14.800  5.000  3.891  -54.965
14.810  5.000  4.034  -54.481
14.820  5.000  3.995  -54.041
14.830  5.000  4.004  -53.696
14.840  5.000  3.950  -53.408
14.850  5.000  3.945  -52.823
14.860  5.000  3.839  -51.830
14.870  5.000  3.963  -50.652
14.880  5.000  4.178  -49.316
14.890  5.000  4.270  -47.951
14.900  5.000  4.132  -46.576
14.910  5.000  4.399  -45.060
14.920  5.000  4.266  -43.179
14.930  5.000  4.627  -40.943
14.940  5.000  4.727  -38.556
14.950  5.000  4.880  -36.023
14.960  5.000  4.851  -33.469
14.970  5.000  4.940  -30.752
14.980  5.000  4.949  -28.207
14.990  5.000  4.994  -25.837
15.000  5.000  4.954  -23.259
15.010  5.000  5.156  -20.762
15.020  5.000  5.095  -18.343
15.030  5.000  5.117  -15.968
15.040  5.000  5.278  -13.793
15.050  5.000  5.003  -11.444
15.060  5.000  5.155  -8.684
15.070  5.000  5.223  -6.194
15.080  5.000  5.150  -4.039
15.090  5.000  5.368  -2.019
15.100  5.000  5.383  -0.130
15.110  5.000  5.417  1.723
15.120  5.000  5.296  3.357
15.130  5.000  5.476  4.840
15.140  5.000  5.400  6.203
15.150  5.000  5.262  7.543
15.160  5.000  5.387  8.737
15.170  5.000  5.353  9.647
15.180  5.000  5.511  10.434
15.190  5.000  5.437  11.301
15.200  5.000  5.534  12.324
15.210  5.000  5.376  13.271
15.220  5.000  5.497  13.940
15.230  5.000  5.454  14.173
15.240  5.000  5.483  14.224
15.250  5.000  5.503  14.437
15.260  5.000  5.412  14.677
15.270  5.000  5.651  14.661
15.280  5.000  5.604  14.616
15.290  5.000  5.521  14.837
15.300  5.000  5.532  15.101
15.310  5.000  5.452  15.210
15.320  5.000  5.454  15.163
15.330  5.000  5.394  15.167
15.340  5.000  5.485  15.211
15.350  5.000  5.348  15.060
15.360  5.000  5.335  14.671
15.370  5.000  5.380  14.099
15.380  5.000  5.275  13.372
15.390  5.000  5.215  12.672
15.400  5.000  5.312  12.033
15.410  5.000  5.292  11.128
15.420  5.000  5.188  9.889
15.430  5.000  5.112  8.710
15.440  5.000  5.103  7.748
15.450  5.000  5.114  6.786
15.460  5.000  5.040  5.637
15.470  5.000  4.946  4.421
15.480  5.000  4.957  3.170
15.490  5.000  4.996  1.870
15.500  5.000  4.855  0.575
15.510  5.000  4.933  -0.523
15.520  5.000  4.924  -1.417
15.530  5.000  4.864  -2.441
15.540  5.000  4.772  -3.538
15.550  5.000  4.914  -4.513
15.560  6.000  4.847  -5.327
15.570  7.000  4.842  -5.975
15.580  8.000  5.099  -6.119
15.590  9.000  5.022  -5.744
15.600  10.000  4.985  -4.977
15.610  11.000  5.749  -3.585
15.620  12.000  6.031  -1.585
15.630  13.000  6.975  1.640
15.640  14.000  7.873  6.810
15.650  15.000  8.661  13.570
15.660  15.000  9.530  21.946
15.670  15.000  11.496  31.454
15.680  15.000  12.404  41.677
15.690  15.000  12.772  52.293
15.700  15.000  13.334  62.937
15.710  15.000  13.738  75.840
15.720  15.000  14.280  89.348
15.730  15.000  15.062  100.771
15.740  15.000  14.297  113.494
15.750  15.000  13.965  126.843
15.760  15.000  14.006  140.210
15.770  15.000  14.363  155.018
15.780  15.000  14.861  168.474
15.790  15.000  15.332  179.976
15.800  15.000  15.228  191.503
15.810  15.000  15.606  203.020
15.820  15.000  15.447  214.225
15.830  15.000  16.381  225.364
15.840  15.000  15.460  237.804
15.850  15.000  16.098  250.239
15.860  15.000  15.994  261.144
15.870  15.000  15.937  271.999
15.880  15.000  15.991  283.044
15.890  15.000  16.634  293.952
15.900  15.000  16.339  304.252
15.910  15.000  16.193  314.033
15.920  15.000  16.699  324.049
15.930  15.000  15.520  334.612
15.940  15.000  16.287  344.204
15.950  15.000  16.145  352.619
15.960  15.000  15.549  361.194
15.970  15.000  15.467  369.851
15.980  15.000  15.186  377.317
15.990  15.000  14.951  384.192
16.000  15.000  15.624  391.538
16.010  15.000  15.411  398.868
16.020  15.000  15.707  405.401
16.030  15.000  15.364  411.396
16.040  15.000  15.638  417.596
16.050  15.000  15.345  423.905
16.060  15.000  15.819  430.001
16.070  15.000  15.359  435.885
16.080  15.000  15.525  441.666
16.090  15.000  15.842  446.860
16.100  15.000  15.738  451.588
16.110  15.000  15.482  456.256
16.120  15.000  15.504  460.887
16.130  15.000  15.287  465.663
16.140  15.000  15.987  470.157
16.150  15.000  15.598  474.278
16.160  15.000  15.461  478.577
16.170  15.000  15.540  482.719
16.180  15.000  15.669  486.434
16.190  15.000  15.233  490.003
16.200  15.000  15.329  493.235
16.210  15.000  15.645  496.121
16.220  15.000  15.608  498.711
16.230  15.000  15.454  501.014
16.240  15.000  15.502  503.205
16.250  15.000  15.941  505.273
16.260  15.000  15.714  507.364
16.270  15.000  15.549  509.652
16.280  15.000  15.820  511.986
16.290  15.000  15.972  513.937
16.300  15.000  15.909  515.633
16.310  15.000  15.295  517.270
16.320  15.000  15.650  518.510
16.330  15.000  15.562  519.672
16.340  15.000  15.617  520.843
16.350  15.000  15.634  521.601
16.360  15.000  15.448  522.174
16.370  15.000  15.642  522.558
16.380  15.000  15.569  522.672
16.390  15.000  15.375  522.829
16.400  15.000  15.350  523.121
16.410  15.000  15.649  523.492
16.420  15.000  15.133  523.906
16.430  15.000  15.284  524.110
16.440  15.000  15.227  523.948
16.450  15.000  15.443  523.690
16.460  15.000  15.578  523.432
16.470  15.000  15.186  523.180
16.480  15.000  15.327  522.898
16.490  15.000  15.139  522.504
16.500  15.000  15.308  522.041
16.510  15.000  15.058  521.452
16.520  15.000  15.153  520.745
16.530  15.000  15.044  519.978
16.540  15.000  15.107  519.217
16.550  15.000  15.150  518.434
16.560  5.000  14.903  517.462
16.570  5.000  14.829  516.189
16.580  5.000  13.083  513.952
16.590  5.000  12.423  510.489
16.600  5.000  11.872  506.155
16.610  5.000  11.501  500.980
16.620  5.000  11.159  494.797
16.630  5.000  10.554  487.934
16.640  5.000  10.125  480.861
16.650  5.000  10.080  473.448
16.660  5.000  10.181  466.648
16.670  5.000  10.028  460.469
16.680  5.000  9.921  454.456
16.690  5.000  9.753  448.774
16.700  5.000  9.653  443.154
16.710  5.000  9.469  437.323
16.720  5.000  9.482  431.237
16.730  5.000  9.374  425.204
16.740  5.000  9.355  418.668
16.750  5.000  9.153  412.178
16.760  5.000  9.153  405.906
16.770  5.000  9.257  399.676
16.780  5.000  8.943  393.736
16.790  5.000  9.050  387.732
16.800  5.000  8.836  381.340
16.810  5.000  8.805  375.009
16.820  5.000  8.542  369.245
16.830  5.000  8.636  363.077
16.840  5.000  8.298  356.991
16.850  5.000  8.311  351.508
16.860  5.000  8.136  346.179
16.870  5.000  8.127  340.198
16.880  5.000  8.013  333.893
16.890  5.000  7.924  327.739
16.900  5.000  7.807  321.279
16.910  5.000  7.740  315.366
16.920  5.000  7.658  309.574
16.930  5.000  7.465  304.103
16.940  5.000  7.581  299.144
16.950  5.000  7.559  294.094
16.960  5.000  7.404  288.683
16.970  5.000  7.219  282.685
16.980  5.000  7.178  276.949
16.990  5.000  7.107  271.853
17.000  5.000  7.008  266.775
17.010  5.000  6.892  261.561
17.020  5.000  6.826  256.358
17.030  5.000  6.731  251.114
17.040  5.000  6.739  245.733
17.050  5.000  6.545  240.527
17.060  5.000  6.508  235.658
17.070  5.000  6.596  230.689
17.080  5.000  6.417  225.389
17.090  5.000  6.558  220.202
17.100  5.000  6.336  214.985
17.110  5.000  6.134  209.777
17.120  5.000  6.070  204.712
17.130  5.000  6.051  199.311
17.140  5.000  5.972  194.096
17.150  5.000  5.896  188.632
17.160  5.000  5.767  182.854
17.170  5.000  5.787  177.312
17.180  5.000  5.730  172.194
17.190  5.000  5.647  167.358
17.200  5.000  5.597  162.361
17.210  5.000  5.453  157.644
17.220  5.000  5.475  153.437
17.230  5.000  5.330  149.231
17.240  5.000  5.339  144.283
17.250  5.000  5.256  139.294
17.260  5.000  5.271  134.384
17.270  5.000  5.094  129.013
17.280  5.000  5.054  123.716
17.290  5.000  4.988  118.524
17.300  5.000  4.967  113.415
17.310  5.000  4.846  108.257
17.320  5.000  4.809  103.200
17.330  5.000  4.745  98.761
17.340  5.000  4.717  94.788
17.350  5.000  4.706  90.868
17.360  5.000  4.646  86.343
17.370  5.000  4.631  81.276
17.380  5.000  4.537  76.364
17.390  5.000  4.595  71.965
17.400  5.000  4.488  68.062
17.410  5.000  4.439  64.249
17.420  5.000  4.317  60.457
17.430  5.000  4.237  56.713
17.440  5.000  4.226  52.637
17.450  5.000  4.231  48.106
17.460  5.000  4.265  44.004
17.470  5.000  4.083  40.502
17.480  5.000  4.152  37.101
17.490  5.000  4.111  33.497
17.500  5.000  4.166  29.708
17.510  5.000  4.115  26.015
17.520  5.000  4.040  22.574
17.530  5.000  4.009  18.900
17.540  5.000  3.939  15.000
17.550  5.000  3.822  11.449
17.560  5.000  3.819  8.320
17.570  5.000  3.798  5.409
17.580  5.000  3.814  2.546
17.590  5.000  3.802  -0.374
17.600  5.000  3.892  -3.353
17.610  5.000  3.861  -6.202
17.620  5.000  3.760  -8.891
17.630  5.000  3.740  -11.574
17.640  5.000  3.729  -14.244
17.650  5.000  3.658  -16.723
17.660  5.000  3.712  -19.068
17.670  5.000  3.672  -21.339
17.680  5.000  3.691  -23.554
17.690  5.000  3.705  -25.599
17.700  5.000  3.780  -27.484
17.710  5.000  3.819  -29.068
17.720  5.000  3.725  -30.366
17.730  5.000  3.705  -31.694
17.740  5.000  3.682  -33.044
17.750  5.000  3.695  -34.420
17.760  5.000  3.669  -35.866
17.770  5.000  3.699  -37.017
17.780  5.000  3.739  -37.753
17.790  5.000  3.790  -38.359
17.800  5.000  3.942  -38.815
17.810  5.000  3.900  -39.080
17.820  5.000  3.849  -38.834
17.830  5.000  3.976  -38.223
17.840  5.000  3.923  -37.640
17.850  5.000  3.991  -36.955
17.860  5.000  4.008  -36.122
17.870  5.000  3.945  -35.014
17.880  5.000  4.143  -33.907
17.890  5.000  4.217  -33.033
17.900  5.000  4.123  -31.850
17.910  5.000  4.131  -30.025
17.920  5.000  4.369  -27.807
17.930  5.000  4.560  -25.382
17.940  5.000  4.651  -22.735
17.950  5.000  4.890  -20.199
17.960  5.000  4.672  -17.790
17.970  5.000  4.819  -15.365
17.980  5.000  4.796  -12.968
17.990  5.000  4.938  -10.585
18.000  5.000  4.995  -8.219
18.010  5.000  5.072  -5.725
18.020  5.000  4.881  -3.023
18.030  5.000  5.228  -0.369
18.040  5.000  5.069  1.993
18.050  5.000  5.270  4.438
18.060  5.000  5.233  7.068
18.070  5.000  5.187  9.619
18.080  5.000  5.240  11.992
18.090  5.000  5.475  14.293
18.100  5.000  5.194  16.539
18.110  5.000  5.405  18.642
18.120  5.000  5.376  20.748
18.130  5.000  5.640  22.634
18.140  5.000  5.351  24.149
18.150  5.000  5.397  25.598
18.160  5.000  5.310  27.198
18.170  5.000  5.393  28.813
18.180  5.000  5.386  30.254
18.190  5.000  5.604  31.385
18.200  5.000  5.484  32.355
18.210  5.000  5.414  33.341
18.220  5.000  5.686  34.044
18.230  5.000  5.526  34.327
18.240  5.000  5.473  34.374
18.250  5.000  5.465  34.313
18.260  5.000  5.414  34.329
18.270  5.000  5.457  34.461
18.280  5.000  5.371  34.692
18.290  5.000  5.438  34.927
18.300  5.000  5.413  35.194
18.310  5.000  5.551  35.463
18.320  5.000  5.362  35.759
18.330  5.000  5.444  36.034
18.340  5.000  5.352  36.017
18.350  5.000  5.441  35.752
18.360  5.000  5.305  35.518
18.370  5.000  5.446  35.320
18.380  5.000  5.370  34.830
18.390  5.000  5.287  34.011
18.400  5.000  5.281  33.111
18.410  5.000  5.157  32.306
18.420  5.000  5.252  31.504
18.430  5.000  5.161  30.670
18.440  5.000  5.185  29.861
18.450  5.000  5.118  29.136
18.460  5.000  5.056  28.383
18.470  5.000  5.031  27.480
18.480  5.000  5.073  26.577
18.490  5.000  5.086  25.556
18.500  5.000  5.004  24.091
18.510  5.000  4.889  22.665
18.520  5.000  4.886  21.596
18.530  5.000  4.949  20.604
18.540  5.000  4.865  19.677
18.550  5.000  5.000  18.780
18.560  5.000  4.832  17.738
18.570  6.000  4.852  16.836
18.580  7.000  4.980  16.330
18.590  8.000  5.007  16.286
18.600  9.000  5.035  16.430
18.610  10.000  4.899  16.731
18.620  11.000  5.553  18.103
18.630  12.000  5.969  20.355
18.640  13.000  7.030  23.595
18.650  14.000  7.824  28.697
18.660  15.000  8.449  35.937
18.670  15.000  9.722  44.401
18.680  15.000  11.411  53.470
18.690  15.000  11.661  65.022
18.700  15.000  12.080  79.172
18.710  15.000  12.666  92.169
18.720  15.000  14.116  103.440
18.730  15.000  14.276  114.383
18.740  15.000  14.694  125.397
18.750  15.000  14.680  137.037
18.760  15.000  15.084  148.665
18.770  15.000  14.747  161.062
18.780  15.000  14.473  174.700
18.790  15.000  15.344  187.254
18.800  15.000  15.487  198.458
18.810  15.000  15.525  209.968
18.820  15.000  15.563  221.375
18.830  15.000  15.490  232.861
18.840  15.000  15.580  244.270
18.850  15.000  15.940  254.861
18.860  15.000  16.331  264.712
18.870  15.000  16.737  274.039
18.880  15.000  16.230  284.082
18.890  15.000  15.746  294.972
18.900  15.000  16.640  305.273
18.910  15.000  16.221  314.949
18.920  15.000  16.083  324.317
18.930  15.000  16.387  333.613
18.940  15.000  15.737  342.728
18.950  15.000  16.248  350.945
18.960  15.000  14.851  359.082
18.970  15.000  15.265  367.430
18.980  15.000  14.944  375.216
18.990  15.000  15.258  382.429
19.000  15.000  15.795  389.428
19.010  15.000  15.674  396.079
19.020  15.000  15.356  402.565
19.030  15.000  14.883  409.521
19.040  15.000  15.106  416.322
19.050  15.000  15.940  422.443
19.060  15.000  15.581  428.509
19.070  15.000  15.427  434.764
19.080  15.000  15.951  440.851
19.090  15.000  16.004  446.434
19.100  15.000  15.517  451.740
19.110  15.000  15.857  456.709
19.120  15.000  15.398  461.212
19.130  15.000  15.631  465.705
19.140  15.000  15.451  470.219
19.150  15.000  15.775  474.473
19.160  15.000  15.188  478.919
19.170  15.000  15.818  483.186
19.180  15.000  15.680  486.854
19.190  15.000  15.646  490.296
19.200  15.000  15.353  493.518
19.210  15.000  15.541  496.587
19.220  15.000  15.600  499.525
19.230  15.000  15.514  502.265
19.240  15.000  15.438  504.659
19.250  15.000  15.787  506.770
19.260  15.000  15.543  508.902
19.270  15.000  15.516  511.222
19.280  15.000  15.681  513.507
19.290  15.000  15.913  515.721
19.300  15.000  15.849  517.731
19.310  15.000  15.510  519.499
19.320  15.000  15.692  521.179
19.330  15.000  15.587  522.558
19.340  15.000  15.574  523.655
19.350  15.000  15.850  524.594
19.360  15.000  15.520  525.308
19.370  15.000  15.483  525.869
19.380  15.000  15.341  526.358
19.390  15.000  15.389  526.755
19.400  15.000  15.481  527.031
19.410  15.000  15.271  527.149
19.420  15.000  15.392  527.130
19.430  15.000  15.360  527.183
19.440  15.000  15.425  527.171
19.450  15.000  15.360  526.968
19.460  15.000  15.386  526.670
19.470  15.000  15.166  526.330
19.480  15.000  15.110  526.185
19.490  15.000  15.199  526.199
19.500  15.000  15.128  526.152
19.510  15.000  15.091  526.024
19.520  15.000  15.081  525.864
19.530  15.000  15.081  525.661
19.540  15.000  15.446  525.264
19.550  15.000  14.878  524.618
19.560  15.000  15.239  523.963
19.570  5.000  14.946  523.521
19.580  5.000  14.758  522.760
19.590  5.000  12.950  520.763
19.600  5.000  12.461  517.476
19.610  5.000  11.900  512.997
19.620  5.000  11.468  507.181
19.630  5.000  11.188  500.445
19.640  5.000  10.693  493.292
19.650  5.000  10.265  486.609
19.660  5.000  10.119  479.979
19.670  5.000  10.086  472.671
19.680  5.000  10.221  465.534
19.690  5.000  10.016  459.019
19.700  5.000  9.828  452.510
19.710  5.000  9.511  445.434
19.720  5.000  9.698  438.030
19.730  5.000  9.774  430.547
19.740  5.000  9.838  423.103
19.750  5.000  9.518  416.514
19.760  5.000  9.474  410.036
19.770  5.000  9.115  403.358
19.780  5.000  9.029  396.707
19.790  5.000  8.878  389.760
19.800  5.000  8.945  382.954
19.810  5.000  8.644  376.028
19.820  5.000  8.643  369.087
19.830  5.000  8.493  362.262
19.840  5.000  8.434  355.539
19.850  5.000  8.380  348.812
19.860  5.000  8.198  341.850
19.870  5.000  8.075  334.808
19.880  5.000  8.054  328.647
19.890  5.000  7.920  322.712
19.900  5.000  7.990  316.779
19.910  5.000  7.953  311.250
19.920  5.000  7.801  305.126
19.930  5.000  7.691  298.456
19.940  5.000  7.553  291.799
19.950  5.000  7.441  285.848
19.960  5.000  7.368  280.603
19.970  5.000  7.257  275.440
19.980  5.000  7.300  270.215
19.990  5.000  7.120  264.645
20.000  5.000  7.062  258.715
20.010  5.000  7.074  253.085
20.020  5.000  6.957  247.865
20.030  5.000  6.908  242.332
20.040  5.000  6.826  236.473
20.050  5.000  6.575  230.953
20.060  5.000  6.583  225.970
20.070  5.000  6.549  221.191
20.080  5.000  6.599  215.886
20.090  5.000  6.427  210.035
20.100  5.000  6.453  204.034
20.110  5.000  6.202  198.045
20.120  5.000  6.303  192.748
20.130  5.000  6.190  188.032
20.140  5.000  6.110  183.051
20.150  5.000  6.027  178.071
20.160  5.000  5.956  173.235
20.170  5.000  5.827  167.770
20.180  5.000  5.772  162.015
20.190  5.000  5.764  156.357
20.200  5.000  5.641  150.688
20.210  5.000  5.459  145.113
20.220  5.000  5.424  140.116
20.230  5.000  5.479  135.439
20.240  5.000  5.414  130.823
20.250  5.000  5.367  125.979
20.260  5.000  5.198  121.053
20.270  5.000  5.282  116.575
20.280  5.000  5.159  112.064
20.290  5.000  5.026  107.409
20.300  5.000  5.010  102.712
20.310  5.000  4.985  98.090
20.320  5.000  4.895  93.689
20.330  5.000  4.747  89.065
20.340  5.000  4.757  83.862
20.350  5.000  4.726  79.135
20.360  5.000  4.668  75.047
20.370  5.000  4.564  70.772
20.380  5.000  4.605  65.880
20.390  5.000  4.529  60.924
20.400  5.000  4.451  56.187
20.410  5.000  4.442  51.708
20.420  5.000  4.433  47.723
20.430  5.000  4.382  43.279
20.440  5.000  4.346  38.792
20.450  5.000  4.212  35.046
20.460  5.000  4.179  31.220
20.470  5.000  4.172  27.234
20.480  5.000  4.095  23.563
20.490  5.000  4.121  19.592
20.500  5.000  4.194  15.494
20.510  5.000  4.109  11.518
20.520  5.000  4.070  7.662
20.530  5.000  4.078  4.251
20.540  5.000  4.007  0.933
20.550  5.000  3.887  -2.417
20.560  5.000  3.840  -5.827
20.570  5.000  3.855  -9.242
20.580  5.000  3.854  -12.617
20.590  5.000  3.863  -16.034
20.600  5.000  3.873  -19.328
20.610  5.000  3.855  -22.199
20.620  5.000  3.847  -24.853
20.630  5.000  3.832  -27.503
20.640  5.000  3.805  -30.199
20.650  5.000  3.705  -32.830
20.660  5.000  3.696  -35.324
20.670  5.000  3.701  -37.879
20.680  5.000  3.708  -40.322
20.690  5.000  3.736  -42.480
20.700  5.000  3.828  -44.475
20.710  5.000  3.752  -46.509
20.720  5.000  3.812  -48.588
20.730  5.000  3.752  -50.365
20.740  5.000  3.681  -51.883
20.750  5.000  3.741  -53.464
20.760  5.000  3.718  -54.926
20.770  5.000  3.676  -56.180
20.780  5.000  3.729  -57.487
20.790  5.000  3.808  -58.893
20.800  5.000  3.847  -60.118
20.810  5.000  4.074  -61.026
20.820  5.000  3.947  -61.530
20.830  5.000  3.955  -61.489
20.840  5.000  3.928  -61.043
20.850  5.000  3.882  -60.312
20.860  5.000  4.076  -59.478
20.870  5.000  3.866  -58.606
20.880  5.000  3.990  -57.973
20.890  5.000  3.925  -57.252
20.900  5.000  3.968  -55.786
20.910  5.000  4.159  -53.863
20.920  5.000  4.241  -51.979
20.930  5.000  4.469  -50.251
20.940  5.000  4.521  -48.291
20.950  5.000  4.611  -45.880
20.960  5.000  4.692  -43.231
20.970  5.000  4.550  -40.681
20.980  5.000  4.794  -38.025
20.990  5.000  4.918  -35.238
21.000  5.000  4.892  -32.653
21.010  5.000  4.869  -29.989
21.020  5.000  4.739  -26.792
21.030  5.000  5.218  -23.764
21.040  5.000  5.014  -21.109
21.050  5.000  5.217  -18.499
21.060  5.000  5.145  -16.056
21.070  5.000  5.376  -13.776
21.080  5.000  5.120  -11.498
21.090  5.000  5.240  -8.780
21.100  5.000  5.226  -5.899
21.110  5.000  5.351  -3.244
21.120  5.000  5.541  -0.912
21.130  5.000  5.264  1.220
21.140  5.000  5.573  3.101
21.150  5.000  5.491  4.478
21.160  5.000  5.414  5.546
21.170  5.000  5.497  6.583
21.180  5.000  5.424  7.541
21.190  5.000  5.364  8.497
21.200  5.000  5.512  9.272
21.210  5.000  5.398  9.864
21.220  5.000  5.592  10.391
21.230  5.000  5.535  10.581
21.240  5.000  5.448  10.639
21.250  5.000  5.443  10.770
21.260  5.000  5.554  10.871
21.270  5.000  5.510  11.011
21.280  5.000  5.516  11.249
21.290  5.000  5.551  11.326
21.300  5.000  5.558  11.297
21.310  5.000  5.337  11.438
21.320  5.000  5.574  11.501
21.330  5.000  5.418  11.474
21.340  5.000  5.455  11.374
21.350  5.000  5.389  11.086
21.360  5.000  5.419  10.722
21.370  5.000  5.377  10.174
21.380  5.000  5.398  9.564
21.390  5.000  5.285  8.821
21.400  5.000  5.388  7.843
21.410  5.000  5.205  6.895
21.420  5.000  5.201  6.176
21.430  5.000  5.241  5.376
21.440  5.000  5.199  4.273
21.450  5.000  5.118  3.101
21.460  5.000  5.086  1.967
21.470  5.000  5.069  0.788
21.480  5.000  5.036  -0.317
21.490  5.000  5.015  -1.465
21.500  5.000  4.963  -2.928
21.510  5.000  4.926  -4.649
21.520  5.000  4.951  -6.314
21.530  5.000  4.864  -7.644
21.540  5.000  4.825  -8.817
21.550  5.000  4.841  -9.963
21.560  5.000  4.803  -11.079
21.570  5.000  4.892  -12.146
21.580  6.000  4.763  -13.259
21.590  7.000  4.924  -14.030
21.600  8.000  5.055  -14.136
21.610  9.000  5.051  -13.946
21.620  10.000  5.110  -13.438
21.630  11.000  5.688  -12.031
21.640  12.000  5.945  -9.648
21.650  13.000  6.984  -6.225
21.660  14.000  8.030  -1.238
21.670  15.000  8.798  5.775
21.680  15.000  10.131  14.525
21.690  15.000  11.219  25.920
21.700  15.000  12.072  38.357
21.710  15.000  12.592  49.893
21.720  15.000  12.964  62.086
